time,ammonia,nitrite,nitrate,COD
1,42.89160047209743,1.0759160804473011,37.44277798888158,44.27163921648296
2,42.794276957990476,1.0637296017327706,37.41507306000469,42.7541491806675
3,42.697925532421955,1.0532010846943487,37.386952007642094,41.23742276701494
4,42.602453057001014,1.0441157250363582,37.35847490553445,39.72136394552207
5,42.507776666428136,1.0362823044444918,37.32969535183124,38.2058872766475
6,42.413823099490735,1.0295317194287403,37.30066083414565,36.6909172387241
7,42.320527938009306,1.0237152774262723,37.27141317115905,35.17638745452227
8,42.22783480400017,1.01870287999106,37.24198899533813,33.66223987016364
9,42.135694553133646,1.014381184517243,37.21242024931278,32.14842392681829
10,42.044064491851564,1.0106518107750808,37.18273467568153,30.63489575436157
11,41.952907636583596,1.0074296374318894,37.15295628615664,29.12161740676557
12,41.862192026398574,1.004641216826359,37.12310580094568,27.60855615149961
13,41.771890094997204,1.0022233232725963,37.09320105314488,26.09568381946828
14,41.6819781039701,1.0001216405781232,37.063257355816994,24.5829762177876
15,41.592435636447625,0.998289587677496,37.033287831502875,23.070412604721916
16,41.50324514840884,0.9966872767309775,37.00330370533818,21.557975224113857
17,41.414391573771724,0.9952805951948195,36.973314563854764,20.04564889540678
18,41.32586197877215,0.9940404017950275,36.94332858207738,18.533420654683223
19,41.51829374948074,0.5516857829230369,36.89457423362465,17.085865322946415
20,41.78043093525964,0.2567480673380272,36.827694598102674,15.730675645395573
21,42.110682578350946,0.10629762617024092,36.74310358374857,14.466637990841102
22,42.48385305883583,0.047743213970042414,36.64735226238012,13.26085899233344
23,42.87488963833422,0.02851643732117665,36.54695446132033,12.080085728784777
24,43.2714386410241,0.022640536746615317,36.44512218527904,10.90781966251412
25,43.288173106761015,0.29924030738891066,36.32696854667624,9.513420875343117
26,43.260402004251794,0.4594430124461308,36.24978018702795,8.071168749938144
27,43.21274186515237,0.5697492818561175,36.18865934616438,6.607568086549331
28,43.15347003998838,0.6511993058862202,36.13651141827204,5.131453756717652
29,43.08658461679765,0.7137093946940631,36.0901446451821,3.6470722686451604
30,43.01437157572343,0.762868752900742,36.04781030287159,2.156843304253395
31,42.93827626208289,0.8021776027286136,36.008434349383705,0.6622927660895925
32,42.85918847965723,0.8378236495657208,36.01472922655772,0.0051045138888888885
33,42.77738522765196,0.8707020166969511,36.05733158169197,0.0051045138888888885
34,42.69335545606523,0.8988696227406868,36.10156239994279,0.0051045138888888885
35,42.60752218419744,0.9231317710736962,36.1471156074977,0.0051045138888888885
36,42.52021863243391,0.9441202323730836,36.193752484728904,0.0051045138888888885
37,42.43171194920149,0.9623398160709633,36.24128323728618,0.0051045138888888885
38,42.34221945402289,0.9782000479634391,36.289554561583934,0.0051045138888888885
39,42.251920097352205,0.992037394647355,36.338440982338014,0.0051045138888888885
40,42.16096275605231,1.0041312719858835,36.387838651752446,0.0051045138888888885
41,42.06947237283518,1.0147158409356298,36.43766080583928,0.0051045138888888885
42,41.97755458868901,1.0239888728868634,36.4878343666004,0.0051045138888888885
43,42.15478526077386,0.7069760364863586,36.440082026301894,0.0051045138888888885
44,42.37517209935897,0.4539274709360388,36.380007523745064,0.0051045138888888885
45,42.6436137710522,0.27247561448344165,36.306116593639324,0.0051045138888888885
46,42.95700711459673,0.15861576685511367,36.2191985401686,0.0051045138888888885
47,43.304071427635165,0.0960743234245597,36.122447413318426,0.0051045138888888885
48,43.67140705028583,0.06508963896024854,36.019738687834625,0.0051045138888888885
49,43.68310423349672,0.29398103191926855,35.98250408838571,0.0051045138888888885
50,43.65648040348254,0.44090841928957875,35.980821152351496,0.0051045138888888885
51,43.610551505614175,0.5484397432554976,35.99509064215396,0.0051045138888888885
52,43.55264485268775,0.6319046694427449,36.01875753449101,0.0051045138888888885
53,43.48652457660887,0.698931260409994,36.04868064996161,0.0051045138888888885
54,43.41442877369111,0.7539665917738141,36.0830725899967,0.0051045138888888885
55,43.337814571304676,0.799866651419918,36.12080513724013,0.0051045138888888885
56,43.25769151681823,0.8385902283903787,36.16111456585979,0.0051045138888888885
57,43.17479149148824,0.8715463127340386,36.203457153561814,0.0051045138888888885
58,43.08966367289046,0.8997856318178016,36.24743080767344,0.0051045138888888885
59,43.002731412207595,0.9241141348061432,36.29272923834704,0.0051045138888888885
60,42.9143281944697,0.9451641065965515,36.33911355569989,0.0051045138888888885
61,42.82472138651687,0.9634407804832295,36.38639382589087,0.0051045138888888885
62,42.73412849330282,0.979354041680602,36.43441662734382,0.0051045138888888885
63,42.64272862638516,0.993240668661767,36.48305638235321,0.0051045138888888885
64,42.55067080522191,1.0053803529887027,36.53220915235347,0.0051045138888888885
65,42.45808010062328,1.0160075029813758,36.581788091583434,0.0051045138888888885
66,42.365062270003484,1.0253201145921174,36.6317200474275,0.0051045138888888885
67,42.541333889648904,0.7080852331691313,36.58370977386204,0.0051045138888888885
68,42.76073450898485,0.45477109420225176,36.523386442818534,0.0051045138888888885
69,43.028185267363426,0.27304217499606503,36.449249484370036,0.0051045138888888885
70,43.340619039016985,0.15894694925450772,36.362077770340996,0.0051045138888888885
71,43.686777636694586,0.09624641257092012,36.26505858417891,0.0051045138888888885
72,44.05325644753671,0.06517276576952903,36.162068631896645,0.0051045138888888885
73,44.06393863307316,0.29417752868385116,36.1245696324918,0.0051045138888888885
74,44.03629432385489,0.441206198981633,36.12262509103021,0.0051045138888888885
75,43.989342169245646,0.5488307504326632,36.136635305040926,0.0051045138888888885
76,43.93041045169732,0.632382336484324,36.160045121986194,0.0051045138888888885
77,43.86326380988252,0.6994898488088248,36.18971327614344,0.0051045138888888885
78,43.790140661796485,0.7546009210264856,36.223852295887625,0.0051045138888888885
79,43.712498365752275,0.8005719602950054,36.261333897328235,0.0051045138888888885
80,43.63134664954186,0.8393620940475442,36.301394292165874,0.0051045138888888885
81,43.54741754409854,0.8723805992101291,36.343489698508954,0.0051045138888888885
82,43.461260356643365,0.9006784549879948,36.3872179662736,0.0051045138888888885
83,43.3732985541984,0.9250618372589776,36.43227274997089,0.0051045138888888885
84,43.28386572763221,0.9461632387838851,36.478415105588105,0.0051045138888888885
85,43.19322934203576,0.9644880859912953,36.52545504650983,0.0051045138888888885
86,43.10160699459889,0.9804464452820771,36.573239099655844,0.0051045138888888885
87,43.009177884144464,0.9943752662824669,36.62164163704766,0.0051045138888888885
88,42.91609111312726,1.0065544030122067,36.67055867107182,0.0051045138888888885
89,42.82247183156174,1.0172184184995858,36.71990330815909,0.0051045138888888885
90,42.7284258725987,1.0265654563314992,36.76960234915365,0.0051045138888888885
91,42.90379872729463,0.7091231730827697,36.72134387223156,0.0051045138888888885
92,43.12227513938557,0.45556086993354855,36.66078087705871,0.0051045138888888885
93,43.38879718635682,0.2735728701410944,36.586406920300796,0.0051045138888888885
94,43.7003314274133,0.15925734696349117,36.49899112288311,0.0051045138888888885
95,44.04564082087049,0.09640778324120594,36.401714414904646,0.0051045138888888885
96,44.41131620550724,0.06525075110135808,36.298454629311294,0.0051045138888888885
97,44.4210496140807,0.2943596779317031,36.26070134584229,0.0051045138888888885
98,44.39245162111407,0.4414816848003247,36.25850496767739,0.0051045138888888885
99,44.34454328054062,0.5491922378893003,36.27226547654067,0.0051045138888888885
100,44.284653747617355,0.6328238123464065,36.29542762334615,0.0051045138888888885
101,44.21654812022148,0.7000060455701713,36.324850070745896,0.0051045138888888885
102,44.1424651091142,0.7551870767291663,36.358745283385886,0.0051045138888888885
103,44.06386228342307,0.8012236945900377,36.395984917964135,0.0051045138888888885
104,43.98174953598125,0.8400753355168099,36.43580512973438,0.0051045138888888885
105,43.89685903483561,0.8731515388808792,36.4776620825957,0.0051045138888888885
106,43.809740206089444,0.9015035146132786,36.52115357403999,0.0051045138888888885
107,43.72081662306147,0.9259376465164424,36.565973207645,0.0051045138888888885
108,43.630421973787506,0.9470866181355042,36.61188198976805,0.0051045138888888885
109,43.53882381359191,0.9654560332691638,36.658689885352786,0.0051045138888888885
110,43.446239824396336,0.9814561247929465,36.70624337400527,0.0051045138888888885
111,43.35284928520545,0.9954239996485524,36.75441678153593,0.0051045138888888885
112,43.25880137474683,1.007639661226478,36.80310607522419,0.0051045138888888885
113,43.16422131583289,1.0183378148402333,36.85222431751639,0.0051045138888888885
114,43.069215011234235,1.0277167398902933,36.901698266423956,0.0051045138888888885
115,43.24374701324561,0.7100830112407804,36.85320060624521,0.0051045138888888885
116,43.46135904157901,0.4562915367553431,36.79240634929575,0.0051045138888888885
117,43.72701245649371,0.2740641213941504,36.7178036436553,0.0051045138888888885
118,44.03770493651935,0.15954484727535972,36.63015260285554,0.0051045138888888885
119,44.38221906223355,0.09655733686429993,36.53262826283798,0.0051045138888888885
120,44.747141543019936,0.06532307251057097,36.429109476451764,0.0051045138888888885
121,44.75598782071986,0.29452821848464156,36.39111159956631,0.0051045138888888885
122,44.72649820182984,0.4417365050308044,36.388672881694625,0.0051045138888888885
123,44.677695946918945,0.5495265828889369,36.40219303316729,0.0051045138888888885
124,44.61691101423362,0.6332321384183369,36.42511671979297,0.0051045138888888885
125,44.54790892465831,0.7004834939836206,36.454302539520256,0.0051045138888888885
126,44.47292865882513,0.7557292537049556,36.48796289881536,0.0051045138888888885
127,44.39342798025137,0.8018265575802164,36.5249693998866,0.0051045138888888885
128,44.31041693396646,0.8407351264450346,36.56455814609917,0.0051045138888888885
129,44.22462781445375,0.8738647414093609,36.60618525146041,0.0051045138888888885
130,44.136610157429295,0.9022668249679734,36.64944846517884,0.0051045138888888885
131,44.04678763420634,0.9267479525075812,36.694041343901674,0.0051045138888888885
132,43.955494022386645,0.9479409833834286,36.73972484824282,0.0051045138888888885
133,43.86299696045868,0.9663516848581712,36.78630889848843,0.0051045138888888885
134,43.76951420842954,0.9823904432434534,36.83363993061832,0.0051045138888888885
135,43.67522511919059,0.9963945104880183,36.88159222782699,0.0051045138888888885
136,43.580278941750045,1.008644027678992,36.93006171578983,0.0051045138888888885
137,43.4848009659972,1.019373831307661,36.97896141637855,0.0051045138888888885
138,43.38889715885045,1.0287823259991218,37.02821804808672,0.0051045138888888885
139,43.562642172989236,0.7109716545177582,36.97949006550598,0.0051045138888888885
140,43.779445425159615,0.45696828282235635,36.91847284256912,0.0051045138888888885
141,44.0442860596429,0.274519357567007,36.843649539538816,0.0051045138888888885
142,44.354190539298145,0.15981142048571492,36.75577193910557,0.0051045138888888885
143,44.697959669595285,0.09669608108984641,36.658009604094225,0.0051045138888888885
144,45.062176402855236,0.06539020879157299,36.55424231249131,0.0051045138888888885
145,45.07019282230014,0.29468434610608996,36.516009295897256,0.0051045138888888885
146,45.039869220529695,0.441972484941675,36.51333751773264,0.0051045138888888885
147,44.99023088634851,0.5498361853356696,36.526626454963534,0.0051045138888888885
148,44.928608517851245,0.6336102454783331,36.54932069821874,0.0051045138888888885
149,44.85876802613587,0.7009256178871308,36.57827878686221,0.0051045138888888885
150,44.782948640943715,0.7562313349490053,36.611713074142,0.0051045138888888885
151,44.702608305281686,0.8023848604149494,36.64849511220222,0.0051045138888888885
152,44.61875720472248,0.8413461774540371,36.687860956631724,0.0051045138888888885
153,44.53212775050102,0.8745252901657132,36.7292666754468,0.0051045138888888885
154,44.443269579539574,0.9029738171594203,36.77230997331838,0.0051045138888888885
155,44.352606453619124,0.9274985106043061,36.816684363585765,0.0051045138888888885
156,44.26047223301707,0.9487323920994191,36.86215076463841,0.0051045138888888885
157,44.16713463297968,0.9671813797710709,36.90851905553189,0.0051045138888888885
158,44.07281148557743,0.9832560015513706,36.955635631960966,0.0051045138888888885
159,43.977682211885316,0.9972936432405926,37.00337473776205,0.0051045138888888885
160,43.88189612576391,1.0095745730402876,37.0516322601817,0.0051045138888888885
161,43.785578578996706,1.0203337485494002,37.10032118360869,0.0051045138888888885
162,43.68883559769301,1.0297696900158793,37.149368190024774,0.0051045138888888885
163,43.86184376632049,0.7117952829972043,37.10041856388662,0.0051045138888888885
164,44.07788997658439,0.4575957554542636,37.039186536051545,0.0051045138888888885
165,44.34196979679417,0.2749416543357359,36.964150660713834,0.0051045138888888885
166,44.65113634506283,0.16005883649573988,36.87605500651768,0.0051045138888888885
167,44.99420736826698,0.09682492215582944,36.77806404973786,0.0051045138888888885
168,45.357762393522805,0.06545259096974246,36.674058409338606,0.0051045138888888885
169,45.365002215558235,0.29482912894058594,36.6355994567167,0.0051045138888888885
170,45.33389822602607,0.4421912532443095,36.632703664388686,0.0051045138888888885
171,45.28347758063997,0.5501231861202848,36.64577030871858,0.0051045138888888885
172,45.221071660068795,0.633960747896528,36.66824391381484,0.0051045138888888885
173,45.15044673583076,0.7013354716423991,36.69698296589288,0.0051045138888888885
174,45.073842267899735,0.7566967847657167,36.73019976943619,0.0051045138888888885
175,44.992716365220346,0.8029024498463705,36.76676583051832,0.0051045138888888885
176,44.90807934330962,0.8419126922955305,36.80591716067239,0.0051045138888888885
177,44.820663721347074,0.8751377221808727,36.84710978545892,0.0051045138888888885
178,44.731019229818294,0.9036293392900179,36.88994136840831,0.0051045138888888885
179,44.63956971413059,0.9281944591317431,36.934105382839626,0.0051045138888888885
180,44.54664911097618,0.9494662532266793,36.97936270811292,0.0051045138888888885
181,44.45252520653849,0.9679507791187042,37.025523185165454,0.0051045138888888885
182,44.35741589948124,0.9840586956258702,37.07243317244192,0.0051045138888888885
183,44.26150067388299,0.9981275122639599,37.119966877380705,0.0051045138888888885
184,44.16492890352705,1.0104376147325944,37.16802015168504,0.0051045138888888885
185,44.067825997384816,1.0212240725860113,37.21650594507099,0.0051045138888888885
186,43.970298036254626,1.0306855129669228,37.265350905741485,0.0051045138888888885
187,44.14261607463465,0.7125594238177988,37.21618811454615,0.0051045138888888885
188,44.35795341510178,0.45817811510319334,37.15474928501893,0.0051045138888888885
189,44.621320812991875,0.2753337686521082,37.0795087124571,0.0051045138888888885
190,44.9297960963829,0.16028868386336262,36.99120331493075,0.0051045138888888885
191,45.27221277288966,0.09694467434044743,36.89299283762852,0.0051045138888888885
192,45.635147241097634,0.06551060669385092,36.78875866552062,0.0051045138888888885
193,45.641660039462764,0.2949635233351316,36.750082720958716,0.0051045138888888885
194,45.609825538276965,0.4423942673555256,36.74697171572412,0.0051045138888888885
195,45.55867261392359,0.550389500793833,36.75982475386032,0.0051045138888888885
196,45.495533277574225,0.634285984961707,36.78208630053055,0.0051045138888888885
197,45.424174134040335,0.7017157884868221,36.81061479364542,0.0051045138888888885
198,45.34683485632709,0.7571287035967071,36.84362249293265,0.0051045138888888885
199,45.264973706964454,0.8033827690392382,36.8799808620085,0.0051045138888888885
200,45.17960112175287,0.8424384341913155,36.91892587172568,0.0051045138888888885
201,45.091449719789225,0.8757060996001913,36.95991350840024,0.0051045138888888885
202,45.00106931815844,0.9042377326371811,37.002541397511244,0.0051045138888888885
203,44.90888383966172,0.9288403999138587,37.046502975348446,0.0051045138888888885
204,44.81522729170365,0.9501474116543069,37.09155908515,0.0051045138888888885
205,44.72036752610512,0.9686649543983583,37.13751953256817,0.0051045138888888885
206,44.62452250314257,0.9848038080752265,37.184230641560994,0.0051045138888888885
207,44.527871765182596,0.9989015966853754,37.23156658586465,0.0051045138888888885
208,44.43056474144378,1.0112388146678268,37.27942318426785,0.0051045138888888885
209,44.33272689380112,1.0220506351949226,37.32771335437418,0.0051045138888888885
210,44.23446435364498,1.0315357843522297,37.37636371309825,0.0051045138888888885
211,44.4061358163805,0.7132690351932215,37.32699602116431,0.0051045138888888885
212,44.62080917727392,0.4587190974681277,37.265358217190936,0.0051045138888888885
213,44.88350925108757,0.2756981789601392,37.18992065400029,0.0051045138888888885
214,45.19133679511895,0.16050239242740774,37.10141361483206,0.0051045138888888885
215,45.53313999009661,0.0970560713288912,37.0029924411236,0.0051045138888888885
216,45.895492372046185,0.06556460555906587,36.898539216869885,0.0051045138888888885
217,45.901324325570705,0.29508838810359284,36.85965495849767,0.0051045138888888885
218,45.86880576568059,0.44258283535030796,36.856337288649534,0.0051045138888888885
219,45.81696715656801,0.5506368484637093,36.86898516350531,0.0051045138888888885
220,45.753141092465505,0.6345880561391165,36.89104299592614,0.0051045138888888885
221,45.681094486726764,0.7020690216560971,36.91936917984501,0.0051045138888888885
222,45.603067209682344,0.7575298745659662,36.95217593385234,0.0051045138888888885
223,45.520517666165404,0.8038289091364912,36.988334682384234,0.0051045138888888885
224,45.43445640343527,0.8429267820489262,37.0270813586819,0.0051045138888888885
225,45.345616133175746,0.8762340702056574,37.06787191274127,0.0051045138888888885
226,45.254546752712145,0.9048028961620277,37.110303934805074,0.0051045138888888885
227,45.16167225655019,0.9294404664694238,37.15407082686083,0.0051045138888888885
228,45.067326717602135,0.9507802198205354,37.19893339867704,0.0051045138888888885
229,44.97177804848981,0.969328462242024,37.24470142320586,0.0051045138888888885
230,44.87524426655855,0.985496085854425,37.29122119244058,0.0051045138888888885
231,44.777904968160925,0.9996208207185142,37.33836684887583,0.0051045138888888885
232,44.679909633857356,1.01198326201833,37.38603418078521,0.0051045138888888885
233,44.5813837745187,1.0228186789336529,37.43413607599751,0.0051045138888888885
234,44.48243356838943,1.0323258892329539,37.4825991224138,0.0051045138888888885
235,44.65349909055846,0.7139285776564926,37.43303456975532,0.0051045138888888885
236,44.867550333462646,0.45922206624116707,37.37120542877709,0.0051045138888888885
237,45.12962514132333,0.2760371194100751,37.295578398813426,0.0051045138888888885
238,45.43684556766027,0.16070125259040713,37.20687760116864,0.0051045138888888885
239,45.778073463077895,0.09715977591534757,37.10825427536731,0.0051045138888888885
240,46.139879740121074,0.06561490365499341,37.00359114442229,0.0051045138888888885
241,46.14507389657583,0.2952044966338736,36.96450698068197,0.0051045138888888885
242,46.11191457478069,0.4427581345810162,36.960990936341105,0.0051045138888888885
243,46.05943370577904,0.5508667762997387,36.97344184089802,0.0051045138888888885
244,45.99496442355487,0.6348688509744738,36.995304060750726,0.0051045138888888885
245,45.922273927377695,0.702397379268014,37.023435949731414,0.0051045138888888885
246,45.843602270535804,0.7579028029710213,37.056049688565984,0.0051045138888888885
247,45.7604079898413,0.8042436530189679,37.09201666549013,0.0051045138888888885
248,45.67370173593734,0.8433807781778374,37.13057277893012,0.0051045138888888885
249,45.584216306386644,0.8767249187989712,37.171173945230265,0.0051045138888888885
250,45.49250167293745,0.9053283412892915,37.21341772196777,0.0051045138888888885
251,45.39898189659604,0.9299983819363573,37.256997479319686,0.0051045138888888885
252,45.30399111102305,0.9513685985451396,37.301673996009015,0.0051045138888888885
253,45.207797285219314,0.9699454079353671,37.347257014650914,0.0051045138888888885
254,45.11061848944465,0.9861398062631159,37.39359279757992,0.0051045138888888885
255,45.0126343701053,1.0002896219459336,37.44055545829963,0.0051045138888888885
256,44.913994455361724,1.0126755436017332,37.48804075676356,0.0051045138888888885
257,44.81482430150893,1.023532929456676,37.535961553164924,0.0051045138888888885
258,44.71523013022954,1.0330606823209836,37.584244408472074,0.0051045138888888885
259,44.88572764627951,0.7145420747271339,37.53449080374652,0.0051045138888888885
260,45.09919583368368,0.45969005808436253,37.472477763069314,0.0051045138888888885
261,45.36068462355441,0.276352609083377,37.3966685967201,0.0051045138888888885
262,45.66733586566724,0.1608864318183081,37.30778169839019,0.0051045138888888885
263,46.00802415396054,0.09725638831608688,37.20896448436919,0.0051045138888888885
264,46.3693179929418,0.06566178746647779,37.104100262790624,0.0051045138888888885
265,46.37391450802071,0.2953125472113264,37.06482433087744,0.0051045138888888885
266,46.340154806692134,0.44292122754332136,37.06111794115815,0.0051045138888888885
267,46.28707217651553,0.5510806804151255,37.073379814821074,0.0051045138888888885
268,46.222000251616116,0.6351300745767199,37.09505427694481,0.0051045138888888885
269,46.148706496459,0.7027028540533037,37.12299964474113,0.0051045138888888885
270,46.06943113412324,0.7582497499467421,37.155428064040315,0.0051045138888888885
271,45.98563282393571,0.8046295126152997,37.19121088959106,0.0051045138888888885
272,45.898322312520484,0.8438031689810732,37.229583987558705,0.0051045138888888885
273,45.8082324771707,0.877181611029445,37.2700032430761,0.0051045138888888885
274,45.715913358725984,0.905817238642639,37.312066183407204,0.0051045138888888885
275,45.62178907992454,0.9305175085003696,37.35546614919963,0.0051045138888888885
276,45.52619383081494,0.9519160889508831,37.39996389035078,0.0051045138888888885
277,45.42939563272659,0.9705194996440302,37.44536912130325,0.0051045138888888885
278,45.33161260502918,0.9867388333005355,37.49152807684577,0.0051045138888888885
279,45.23302444058121,1.0009120096374222,37.53831484355297,0.0051045138888888885
280,45.13378071171696,1.013319804007956,37.58562515507014,0.0051045138888888885
281,45.03400701688494,1.024197657306217,37.63337184591507,0.0051045138888888885
282,44.93380961807781,1.033744551298085,37.68148145203198,0.0051045138888888885
283,45.103774561073266,0.715113164804895,37.63154636802611,0.0051045138888888885
284,45.31669616501484,0.46012582115235523,37.5693566574075,0.0051045138888888885
285,45.57763558380234,0.2766464770653805,37.49337248379522,0.0051045138888888885
286,45.88375308358999,0.16105898881946099,37.404306912776114,0.0051045138888888885
287,46.22393514495124,0.09734645332272505,37.30530379500164,0.0051045138888888885
288,46.58474805895829,0.06570551723339585,37.20024697519782,0.0051045138888888885
289,46.58878441334285,0.29541317186057203,37.16078714128263,0.0051045138888888885
290,46.554462019874784,0.44307307545670915,37.15689817341321,0.0051045138888888885
291,46.500815421801654,0.5512798237384156,37.168978700420205,0.0051045138888888885
292,46.435178717101934,0.6353732694305332,37.19047301060268,0.0051045138888888885
293,46.36131961642886,0.7029872488081128,37.21823938768501,0.0051045138888888885
294,46.2814785005662,0.7585727612897497,37.2504899452988,0.0051045138888888885
295,46.197114142666,0.8049887608541971,37.28609600718351,0.0051045138888888885
296,46.10923737853577,0.8441964398104026,37.32429340958018,0.0051045138888888885
297,46.018581159553506,0.8776068309431637,37.3645380086449,0.0051045138888888885
298,45.92569559075582,0.9062724580928381,37.40642730348499,0.0051045138888888885
299,45.83100485223626,0.9310008897597712,37.44965460731051,0.0051045138888888885
300,45.73484318642982,0.9524258969740765,37.49398064322967,0.0051045138888888885
301,45.63747866327763,0.9710540949096568,37.539215099499174,0.0051045138888888885
302,45.53912944776871,0.9872966659966768,37.58520418530056,0.0051045138888888885
303,45.43997527591013,1.0014916147753563,37.63182196217254,0.0051045138888888885
304,45.34016576106702,1.0139197971866791,37.67896413929892,0.0051045138888888885
305,45.239826540841364,1.0248167309381033,37.7265435273224,0.0051045138888888885
306,45.13906391466672,1.0343814711643526,37.774486638915135,0.0051045138888888885
307,45.30852939810794,0.7156451457490061,37.72437741012841,0.0051045138888888885
308,45.520938490306726,0.4605318482263626,37.66201804679056,0.0051045138888888885
309,45.781362774482254,0.2769203840448689,37.58586578841748,0.0051045138888888885
310,46.086979661958566,0.16121988577902838,37.49662874050188,0.0051045138888888885
311,46.426686726968114,0.09743046648230179,37.39744742643033,0.0051045138888888885
312,46.78704822331378,0.06574632985608019,37.292206183726215,0.0051045138888888885
313,46.790559420336805,0.2955069439504706,37.25257004463767,0.0051045138888888885
314,46.755709526893725,0.44321454993826104,37.24850600468492,0.0051045138888888885
315,46.70153424962462,0.5514653513751533,37.26041261420672,0.0051045138888888885
316,46.635368117062825,0.635599834146546,37.28173412873729,0.0051045138888888885
317,46.56097906858778,0.7032521982761414,37.30932880133921,0.0051045138888888885
318,46.48060763157694,0.758873692243554,37.34140871590135,0.0051045138888888885
319,46.3957126850167,0.8053234591440233,37.376845167419475,0.0051045138888888885
320,46.30730514764673,0.8445628449479975,37.41487396435201,0.0051045138888888885
321,46.216118039738625,0.8780030132880349,37.454950935929205,0.0051045138888888885
322,46.122701526025786,0.9066966032194369,37.4966735550816,0.0051045138888888885
323,46.027479839933584,0.9314512871877039,37.539735109503745,0.0051045138888888885
324,45.93078727260554,0.952900931681049,37.583896297386026,0.0051045138888888885
325,45.83289193917899,0.9715522406833731,37.628966782624694,0.0051045138888888885
326,45.734012047054485,0.987816480034018,37.6747927505767,0.0051045138888888885
327,45.63432737235236,1.002031733143866,37.72124823948501,0.0051045138888888885
328,45.53398756658089,1.0144789308906423,37.76822893577059,0.0051045138888888885
329,45.4331183037393,1.0253936624130993,37.81564762785643,0.0051045138888888885
330,45.331825918065995,1.0349750510782858,37.86343080675448,0.0051045138888888885
331,45.50082290218247,0.7161410133295957,37.81315452871345,0.0051045138888888885
332,45.71275132771756,0.4609104053275781,37.75063231436929,0.0051045138888888885
333,45.97269247749058,0.27717584099500053,37.674318683792954,0.0051045138888888885
334,46.27783973534456,0.16136999895642468,37.584917121831054,0.0051045138888888885
335,46.61710103443465,0.09750887945703217,37.485565045415456,0.0051045138888888885
336,46.977038751105084,0.06578444141738986,37.380147245257426,0.0051045138888888885
337,46.98005749717395,0.2955943847615852,37.340342131354554,0.0051045138888888885
338,46.944712982940736,0.4433464430779669,37.33611026626153,0.0051045138888888885
339,46.89004199381977,0.5516383038651883,37.347850133887015,0.0051045138888888885
340,46.82337945829935,0.6358110396442105,37.36900596055686,0.0051045138888888885
341,46.74849352841905,0.7034991880370169,37.39643597122561,0.0051045138888888885
342,46.66762486792098,0.7591542288960365,37.42835222227978,0.0051045138888888885
343,46.58223245426738,0.8056354811003846,37.46362598204701,0.0051045138888888885
344,46.493327283373155,0.8449044334990266,37.50149303316899,0.0051045138888888885
345,46.401642439623096,0.8783723714179237,37.541409179835085,0.0051045138888888885
346,46.30772814330369,0.907092041083178,37.582971870620256,0.0051045138888888885
347,46.21200867746796,0.9318712116387027,37.62587436947162,0.0051045138888888885
348,46.11481837858244,0.9533438383831013,37.669877351383995,0.0051045138888888885
349,46.016425403837005,0.9720167079310905,37.71479045757369,0.0051045138888888885
350,45.91704800009213,0.9883011637323799,37.760459851214286,0.0051045138888888885
351,45.81686598078798,1.0025353625893105,37.806759548855666,0.0051045138888888885
352,45.71602903291897,1.015000305114261,37.853585215719704,0.0051045138888888885
353,45.61466286434548,1.0259316469222624,37.9008496195348,0.0051045138888888885
354,45.51287384168557,1.0355285748832772,37.94847923113761,0.0051045138888888885
355,45.68143128584887,0.7166034945218666,37.89804276113469,0.0051045138888888885
356,45.89290882214527,0.461263556521018,37.83536428068554,0.0051045138888888885
357,46.15239676094744,0.27741422539058724,37.75889577888387,0.0051045138888888885
358,46.45710337554517,0.1615101278987136,37.66933643342147,0.0051045138888888885
359,46.795946276598556,0.09758210468958811,37.56982075951405,0.0051045138888888885
360,47.155486108252,0.06582004937995536,37.46423396516273,0.0051045138888888885
361,47.15804297789209,0.295675969179378,37.42426694417312,0.0051045138888888885
362,47.12223457572417,0.44346947616784416,37.419874244866556,0.0051045138888888885
363,47.06709868824245,0.551799628667823,37.43145429522029,0.0051045138888888885
364,46.99997061573118,0.6360080431723703,37.45245129550823,0.0051045138888888885
365,46.92461870808847,0.7037295708728754,37.479723444888975,0.0051045138888888885
366,46.84328375599202,0.7594159067228732,37.51148277429387,0.0051045138888888885
367,46.757424828594694,0.8059265331121714,37.54660052728727,0.0051045138888888885
368,46.668052993677684,0.845223071837944,37.58431246250153,0.0051045138888888885
369,46.57590139533076,0.8787169214868836,37.624074360820174,0.0051045138888888885
370,46.481520305573106,0.9074609280445858,37.665483648139904,0.0051045138888888885
371,46.38533405367077,0.9322629506759191,37.70823356628954,0.0051045138888888885
372,46.28767701829275,0.953757027363805,37.75208476865571,0.0051045138888888885
373,46.188817395784,0.9724500216590043,37.79684687532407,0.0051045138888888885
374,46.088973469744715,0.988753349276959,37.84236602879779,0.0051045138888888885
375,45.98832508836098,1.003005235361011,37.88851622541135,0.0051045138888888885
376,45.887021971665064,1.0154867454627712,37.93519311063007,0.0051045138888888885
377,45.785189859042006,1.0264335971054945,37.982309432894404,0.0051045138888888885
378,45.68293514725467,1.0360450363015605,38.02979164423513,0.0051045138888888885
379,45.851080149937026,0.7170350764406834,37.97920160323607,0.0051045138888888885
380,46.0621346525936,0.46159318549502265,37.91637322485206,0.0051045138888888885
381,46.32119737339678,0.2776367953368842,37.839756140989046,0.0051045138888888885
382,46.62549047359239,0.16164100347884802,37.75004551203951,0.0051045138888888885
383,46.96394060881619,0.09765051947799619,37.6503731415107,0.0051045138888888885
384,47.3231068232909,0.06585333450704225,37.54462462209538,0.0051045138888888885
385,47.32523041042314,0.2957521306474953,37.50450250372963,0.0051045138888888885
386,47.288986859539996,0.44358430729240383,37.499955709092355,0.0051045138888888885
387,47.23341488678155,0.5519501901480935,37.51138261937225,0.0051045138888888885
388,47.165850138280774,0.6361919005008672,37.53222741159574,0.0051045138888888885
389,47.09006114814114,0.7039445810015468,37.55934826122327,0.0051045138888888885
390,47.00828882527308,0.759660126716035,37.59095717560502,0.0051045138888888885
391,46.92199232425548,0.8061981722319309,37.625925375291864,0.0051045138888888885
392,46.8321827798345,0.8455204631376065,37.66348859657167,0.0051045138888888885
393,46.73959339173505,0.8790385035024588,37.7031025986211,0.0051045138888888885
394,46.64477448018214,0.9078052322344692,37.74436478620556,0.0051045138888888885
395,46.54815041750302,0.9326285923585995,37.78696838053892,0.0051045138888888885
396,46.45005562168882,0.9541426988894267,37.830674014864634,0.0051045138888888885
397,46.350758325566105,0.9728544870586511,37.87529128956752,0.0051045138888888885
398,46.250476846964595,0.9891754399150688,37.92066632787721,0.0051045138888888885
399,46.14939106644155,1.0034438462817945,37.966673107277444,0.0051045138888888885
400,46.04765073480825,1.0159408322234946,38.01320725480878,0.0051045138888888885
401,45.94538162081851,1.0269021729549475,38.06018150092284,0.0051045138888888885
402,45.84269014931846,1.03652716960551,38.10752228010977,0.0051045138888888885
403,46.0104480768415,0.717438031574738,38.05678505561505,0.0051045138888888885
404,46.221105613634364,0.4619010144006485,37.99381293195662,0.0051045138888888885
405,46.479769313431404,0.2778447019208337,37.917053344307774,0.0051045138888888885
406,46.78367429838176,0.1617632949322044,37.827197704052956,0.0051045138888888885
407,47.1217556814619,0.09771446954668368,37.7273752794762,0.0051045138888888885
408,47.48057102764125,0.06588446254734082,37.6214720183062,0.0051045138888888885
409,47.48228808449627,0.29582326549227406,37.581201359490294,0.0051045138888888885
410,47.44563627064877,0.4436915379519916,37.5765069610281,0.0051045138888888885
411,47.3896551661213,0.5520907782900354,37.58778716528306,0.0051045138888888885
412,47.321680738958385,0.636363576558599,37.6084861285305,0.0051045138888888885
413,47.24548169485984,0.7041453464974158,37.63546200443869,0.0051045138888888885
414,47.1632990529267,0.7598881694604864,37.66692677849425,0.0051045138888888885
415,47.07659204737432,0.8064518217925952,37.70175164984569,0.0051045138888888885
416,46.986371875382886,0.8457981644190354,37.73917233397059,0.0051045138888888885
417,46.89337178855045,0.8793387997089966,37.778644569815,0.0051045138888888885
418,46.798142152048534,0.9081267531778057,37.81976574244141,0.0051045138888888885
419,46.70110737835239,0.9329700460194136,37.862229053837616,0.0051045138888888885
420,46.60260192211435,0.9545028650579295,37.90579511845731,0.0051045138888888885
421,46.502894050172216,0.9732322123507664,37.95027351830634,0.0051045138888888885
422,46.40220211226631,0.9895696337227099,37.99551035863209,0.0051045138888888885
423,46.300706019131184,1.0038534773695011,38.041379599328785,0.0051045138888888885
424,46.19855555027061,1.0163649257785947,38.087776850243976,0.0051045138888888885
425,46.09587650181588,1.0273398079593397,38.1346148250414,0.0051045138888888885
426,45.99277532479211,1.0369774764375252,38.18181994184072,0.0051045138888888885
427,46.16016992995393,0.7178144398670224,38.13094169152016,0.0051045138888888885
428,46.37045490417937,0.462188620353119,38.067831761898375,0.0051045138888888885
429,46.628744107788236,0.2780390000434492,37.99093553973099,0.0051045138888888885
430,46.93228476482208,0.16187761603591977,37.90094093597798,0.0051045138888888885
431,47.27001989924596,0.09777427218586439,37.80097484775485,0.0051045138888888885
432,47.62850570703631,0.06591358571733975,37.69492355079945,0.0051045138888888885
433,47.629841271932804,0.2958897367107901,37.65451066139181,0.0051045138888888885
434,47.59280635629246,0.443791718861473,37.64967490844988,0.0051045138888888885
435,47.536441343404434,0.5522221163245321,37.66081460244877,0.0051045138888888885
436,47.46808250111709,0.6365239547469049,37.68137388113718,0.0051045138888888885
437,47.391498695069075,0.7043329001666976,37.708210878125925,0.0051045138888888885
438,47.3089310471131,0.7601012074608058,37.73953755861517,0.0051045138888888885
439,47.22183886574368,0.8066887850845074,37.774225101835,0.0051045138888888885
440,47.13123340638261,0.8460576014856338,37.811509203869655,0.0051045138888888885
441,47.03784796902019,0.8796193506923122,37.85084558479825,0.0051045138888888885
442,46.94223296075829,0.9084271389877779,37.891831611301534,0.0051045138888888885
443,46.844812831525665,0.9332890604718852,37.93416046742546,0.0051045138888888885
444,46.74592207017388,0.9548393689484568,37.97759275008639,0.0051045138888888885
445,46.64582897526691,0.973585128809817,38.02193802413407,0.0051045138888888885
446,46.5447519263112,0.989937944441144,38.06704237802827,0.0051045138888888885
447,46.44287086218946,1.0042362194263996,38.11277975524132,0.0051045138888888885
448,46.3403355891685,1.0167611888917938,38.15904574956772,0.0051045138888888885
449,46.23727192891559,1.0277487320357523,38.20575305899531,0.0051045138888888885
450,46.133786356873806,1.0373982493379843,38.252828086356615,0.0051045138888888885
451,46.3008398884138,0.7181662080977652,38.20181474230617,0.0051045138888888885
452,46.51077515259493,0.4624574499313013,38.13857273560895,0.0051045138888888885
453,46.768712826808574,0.2782206579497771,38.061545541845945,0.0051045138888888885
454,47.071911440276324,0.16198453055215262,37.97141780209358,0.0051045138888888885
455,47.40932141961246,0.09783021901983929,37.87131419491123,0.0051045138888888885
456,47.767497692707316,0.06594084400954597,37.76512129937474,0.0051045138888888885
457,47.7684752077711,0.2959518772995119,37.7245722482559,0.0051045138888888885
458,47.7310807456363,0.44388535504306964,37.719601153665096,0.0051045138888888885
459,47.67435543692573,0.5523448674281786,37.73060630023017,0.0051045138888888885
460,47.6056358288509,0.6366738451190816,37.75103180915837,0.0051045138888888885
461,47.52869093620102,0.7045081890996305,37.777735795584036,0.0051045138888888885
462,47.44576197669245,0.7603003159694364,37.80893020587068,0.0051045138888888885
463,47.35830832813677,0.8069102573715167,37.84348620069949,0.0051045138888888885
464,47.267341300313994,0.8463000820456236,37.880639458070554,0.0051045138888888885
465,47.17359423838254,0.8798815695325934,37.91984568045777,0.0051045138888888885
466,47.07761758858121,0.9087079014782186,37.9607022173828,0.0051045138888888885
467,46.97983583579661,0.933587240015854,38.00290223613899,0.0051045138888888885
468,46.880583500799816,0.955153901457374,38.04620631726535,0.0051045138888888885
469,46.780128911765466,0.9739150083719168,38.090424009588034,0.0051045138888888885
470,46.67869047598014,0.9902822198015202,38.13540138588657,0.0051045138888888885
471,46.57644815859662,1.004593991028666,38.18101237429287,0.0051045138888888885
472,46.473551790858146,1.017131606313941,38.22715255360466,0.0051045138888888885
473,46.37012721826332,1.028130991705592,38.273734607164414,0.0051045138888888885
474,46.26628093904304,1.037791592448676,38.32068492352147,0.0051045138888888885
475,46.43301424278877,0.7184950869511417,38.2695421970128,0.0051045138888888885
476,46.64262120364786,0.46270883195637574,38.206173635252384,0.0051045138888888885
477,46.90022886262946,0.27839056563783304,38.12902092977344,0.0051045138888888885
478,47.20310631455332,0.16208455703691155,38.03876566576567,0.0051045138888888885
479,47.540210915388236,0.09788257845510615,37.93853044529913,0.0051045138888888885
480,47.898096417422416,0.06596636635031584,37.832202128230804,0.0051045138888888885
481,47.89873783719417,0.2960099931881198,37.79152274967097,0.0051045138888888885
482,47.86100588747883,0.44397291031287683,37.786422095720404,0.0051045138888888885
483,47.80394239456558,0.5524596406241666,37.79729843041886,0.0051045138888888885
484,47.73488416611218,0.6368139915858837,37.8175958602054,0.0051045138888888885
485,47.657600356064414,0.7046720830859856,37.8441724831811,0.0051045138888888885
486,47.57433227161807,0.760486482527492,37.8752402282073,0.0051045138888888885
487,47.4865393553021,0.8071173364797184,37.909670238680995,0.0051045138888888885
488,47.39523296765406,0.8465268072772011,37.94669817572975,0.0051045138888888885
489,47.30114649601113,0.8801267542794089,37.985779725390934,0.0051045138888888885
490,47.204830423159436,0.9089704294862142,38.02651222115977,0.0051045138888888885
491,47.10670926662999,0.9338660585493197,38.06858881467933,0.0051045138888888885
492,47.00711757700038,0.9554480161445077,38.111770071186314,0.0051045138888888885
493,46.90632371009494,0.9742234791639143,38.15586552453397,0.0051045138888888885
494,46.80454609914017,0.9906041576883304,38.200721232847826,0.0051045138888888885
495,46.70196473381809,1.0049285552786387,38.246211109922676,0.0051045138888888885
496,46.59872946869313,1.0174780020812535,38.29223072053923,0.0051045138888888885
497,46.49496617151549,1.0284884678985615,38.338692734350644,0.0051045138888888885
498,46.390781361793195,1.0381594397847738,38.38552352655431,0.0051045138888888885
499,46.557213974239914,0.718802686086766,38.33425691317093,0.0051045138888888885
500,46.76651268973398,0.4629439887866651,38.27076711553095,0.0051045138888888885
501,47.02381049245535,0.2785495422996378,38.193494158987725,0.0051045138888888885
502,47.32638635570856,0.1621781731003924,38.103116771648715,0.0051045138888888885
503,47.66320412386896,0.09793159785135955,38.00275561143026,0.0051045138888888885
504,48.02081645850453,0.06599027162743035,37.89629779831701,0.0051045138888888885
505,48.021142350276484,0.29606436583282875,37.85549369854274,0.0051045138888888885
506,47.98309357663253,0.4440548112447397,37.85026904319408,0.0051045138888888885
507,47.92571261175501,0.5525669959954211,37.861022080298426,0.0051045138888888885
508,47.856336506224565,0.636945078281478,37.881196903112254,0.0051045138888888885
509,47.778734543877555,0.7048253820506564,37.90765159402249,0.0051045138888888885
510,47.695148115467035,0.760660615395539,37.93859806561804,0.0051045138888888885
511,47.607036723971014,0.8073110321553741,37.97290744518134,0.0051045138888888885
512,47.51541177734357,0.846738882050674,38.00981537808966,0.0051045138888888885
513,47.42100670232664,0.8803560989794715,38.048777535026815,0.0051045138888888885
514,47.32437201585097,0.9092160006506926,38.08939123451224,0.0051045138888888885
515,47.225932265945175,0.9341268720464381,38.13134961356167,0.0051045138888888885
516,47.12602203103311,0.9557231423622512,38.17441322310735,0.0051045138888888885
517,47.02490969276971,0.9745120392382011,38.218391583004184,0.0051045138888888885
518,46.92281370861428,0.9909053204372072,38.26313073767667,0.0051045138888888885
519,46.819914091163376,1.0052415346254302,38.308504587513724,0.0051045138888888885
520,46.71636071676732,1.0178020548209803,38.354408684188776,0.0051045138888888885
521,46.61227947396265,1.0288228917079119,38.40075568455308,0.0051045138888888885
522,46.50777690213342,1.0385035714063608,38.44747195131693,0.0051045138888888885
523,46.67392713712236,0.7190904874863967,38.39608673638469,0.0051045138888888885
524,46.882936406250515,0.4631640463284926,38.332480823661754,0.0051045138888888885
525,47.13994324668174,0.27869834292366175,38.25509268170287,0.0051045138888888885
526,47.442235871346426,0.1622658191914883,38.1645983663664,0.0051045138888888885
527,47.77878420196775,0.09797750545184403,38.064116714761376,0.0051045138888888885
528,48.136139887400866,0.06601266960446825,37.957535088061704,0.0051045138888888885
529,48.136169524025114,0.2961152545150903,37.916611651953986,0.0051045138888888885
530,48.09782328835518,0.444131450682152,37.911268335224605,0.0051045138888888885
531,48.04014425825314,0.5526674493029455,37.9219033738655,0.0051045138888888885
532,47.97046971097602,0.6370677352033135,37.94196084937028,0.0051045138888888885
533,47.89256905165239,0.7049688226417581,37.96829882961895,0.0051045138888888885
534,47.80868374909432,0.7608235510242115,37.99912921206212,0.0051045138888888885
535,47.72027336276539,0.8074922743580009,38.03332310895065,0.0051045138888888885
536,47.62834934493325,0.8469373239885212,38.07011615095155,0.0051045138888888885
537,47.53364515916852,0.8805707034519533,38.108963994400455,0.0051045138888888885
538,47.43671135431459,0.9094457918546033,38.14946394381641,0.0051045138888888885
539,47.33797250690477,0.9343709296211643,38.19130912253715,0.0051045138888888885
540,47.2377632213887,0.9559805968980224,38.23426006811741,0.0051045138888888885
541,47.13635190356299,0.9747820687538401,38.278126287319196,0.0051045138888888885
542,47.03395703353484,0.991187147516983,38.32275381175118,0.0051045138888888885
543,46.93075864531644,1.0055344240124013,38.36801652926174,0.0051045138888888885
544,46.82690663561829,1.0181053113309049,38.41380997926218,0.0051045138888888885
545,46.722526912403275,1.029135858370591,38.46004680662661,0.0051045138888888885
546,46.61772603363095,1.0388256277697725,38.50665336238238,0.0051045138888888885
547,46.78361106272099,0.7193598573050541,38.455154626617684,0.0051045138888888885
548,46.99234850873573,0.46337004293263195,38.391437525970844,0.0051045138888888885
549,47.249082099417706,0.2788376641685416,38.31393907378723,0.0051045138888888885
550,47.55110869290179,0.16234790196830753,38.223332825644896,0.0051045138888888885
551,47.88740390484773,0.09802051210412409,38.12273591287885,0.0051045138888888885
552,48.244518443176425,0.06603366173651191,38.01603592046414,0.0051045138888888885
553,48.24426988900874,0.29616289838457,37.97499831833291,0.0051045138888888885
554,48.20564433804175,0.4442031908580114,37.96954146878753,0.0051045138888888885
555,48.14768543086321,0.5527614760881834,37.98006359923743,0.0051045138888888885
556,48.077730656331866,0.6371825432220598,38.00000878068479,0.0051045138888888885
557,47.999549532882995,0.7051030840833173,38.0262350676087,0.0051045138888888885
558,47.91538360227963,0.7609760606915692,38.056954343369505,0.0051045138888888885
559,47.82669247678727,0.8076619206292953,38.09103770618927,0.0051045138888888885
560,47.73448765010312,0.8471230715167344,38.12772077299033,0.0051045138888888885
561,47.639502620231966,0.8807715819764684,38.166459186693416,0.0051045138888888885
562,47.54228796585594,0.9096608885067098,38.20685023872345,0.0051045138888888885
563,47.44326829016066,0.9345993833626688,38.24858703962293,0.0051045138888888885
564,47.34277822192991,0.9562215943254961,38.29143011443026,0.0051045138888888885
565,47.241086189532496,0.9750348408080963,38.33518895765659,0.0051045138888888885
566,47.138410694250986,0.9914509668080466,38.379709588917734,0.0051045138888888885
567,47.03493179012024,1.0058086025708755,38.424865884326245,0.0051045138888888885
568,46.93079939288682,1.0183891986587956,38.47055337181731,0.0051045138888888885
569,46.826139428676086,1.0294288397046116,38.51668468505503,0.0051045138888888885
570,46.72105847281476,1.039127122496754,38.56318616413128,0.0051045138888888885
571,46.886694399880255,0.7196120564213209,38.51157878944279,0.0051045138888888885
572,47.09517654746563,0.4635629373205726,38.447755239375375,0.0051045138888888885
573,47.35165349703009,0.27896814960163674,38.37015116649173,0.0051045138888888885
574,47.65343019846428,0.16242479730740547,38.27943778619758,0.0051045138888888885
575,47.98948760355245,0.09806081279777684,38.17873063139174,0.0051045138888888885
576,48.346375545406204,0.06605334189960319,38.07191749486515,0.0051045138888888885
577,48.3458657359769,0.2962075182794809,38.030770689252655,0.0051045138888888885
578,48.30697788150732,0.4442703661731439,38.025205230552466,0.0051045138888888885
579,48.24875614734494,0.5528495153264226,38.03561934058424,0.0051045138888888885
580,48.17853821995227,0.6372900385433938,38.05545708099925,0.0051045138888888885
581,48.100093723650346,0.7052287933880093,38.08157649389015,0.0051045138888888885
582,48.0156642684032,0.7611188564152744,38.11218944949553,0.0051045138888888885
583,47.926709515852544,0.8078207626576209,38.14616703293907,0.0051045138888888885
584,47.83424099844298,0.8472969910380227,38.182744848294824,0.0051045138888888885
585,47.73899224638627,0.8809596710343693,38.22137852593625,0.0051045138888888885
586,47.64151386627438,0.9098622928129467,38.26166534503666,0.0051045138888888885
587,47.542230486222124,0.9348132971010408,38.3032984041643,0.0051045138888888885
588,47.441476757774495,0.9564472562311228,38.3460382166428,0.0051045138888888885
589,47.33952113041312,0.9752715310921605,38.38969426551554,0.0051045138888888885
590,47.23658212522639,0.991698004657562,38.43411255917147,0.0051045138888888885
591,47.13283981497686,1.0060653440468752,38.47916696273585,0.0051045138888888885
592,47.028444133215764,1.0186550348743568,38.52475299339937,0.0051045138888888885
593,46.923521023056196,1.0297031952014741,38.57078327433029,0.0051045138888888885
594,46.81817707606824,1.0394094537640888,38.61718413538094,0.0051045138888888885
595,46.98357900660086,0.7198482498527132,38.56547281076973,0.0051045138888888885
596,47.19182135352422,0.4637436156636036,38.501547366281784,0.0051045138888888885
597,47.4480572386673,0.2790903943823153,38.42384218152962,0.0051045138888888885
598,47.74959918805098,0.1624968529968252,38.33302628090713,0.0051045138888888885
599,48.08543315549587,0.09809858804170227,38.23221369908436,0.0051045138888888885
600,48.442108160288164,0.06607179704458506,38.12529242195519,0.0051045138888888885
601,48.441352976229844,0.29624931835251445,38.084041174428705,0.0051045138888888885
602,48.40221876955727,0.44433328567699326,38.07837183189475,0.0051045138888888885
603,48.34375019515571,0.5529319726883308,38.088682613172786,0.0051045138888888885
604,48.2732851240836,0.6373907166913669,38.1084175715862,0.0051045138888888885
605,48.194593279646334,0.705346530011271,38.13443473777299,0.0051045138888888885
606,48.10991633558967,0.7612525962316444,38.16494596974602,0.0051045138888888885
607,48.02071399974398,0.8079695321400908,38.19882234039398,0.0051045138888888885
608,47.92799784080425,0.8474598833381582,38.23529944177588,0.0051045138888888885
609,47.832501419116305,0.8811358362232103,38.27383289252481,0.0051045138888888885
610,47.73477536738671,0.9100509311651533,38.314019960346776,0.0051045138888888885
611,47.63524433705612,0.935013654238537,38.35555373259974,0.0051045138888888885
612,47.53424300096673,0.9566586194579821,38.39819471163855,0.0051045138888888885
613,47.43203982835477,0.9754932265195024,38.441752369768196,0.0051045138888888885
614,47.32885335884024,0.9919293948658486,38.486072704863936,0.0051045138888888885
615,47.224863682708474,1.006305826120605,38.53102957176122,0.0051045138888888885
616,47.12022075016953,1.0189040386983637,38.576518477587506,0.0051045138888888885
617,47.015050520230844,1.0299601819428834,38.622452035679984,0.0051045138888888885
618,46.90945959966078,1.0396739144871916,38.66875656629977,0.0051045138888888885
619,47.07464170520568,0.7200695151783327,38.61694579381203,0.0051045138888888885
620,47.282658788896796,0.46391289792019413,38.55292283166889,0.0051045138888888885
621,47.53866822126192,0.27920494945856794,38.47512086828788,0.0051045138888888885
622,47.839989623779616,0.16256439115167634,38.38420687609458,0.0051045138888888885
623,48.17561364022486,0.09813400510057073,38.28329348512576,0.0051045138888888885
624,48.53208853236009,0.06608910778448365,38.17626886082062,0.0051045138888888885
625,48.53110286806906,0.2962884875265378,38.134917738722386,0.0051045138888888885
626,48.491737269122055,0.44439223528763544,38.12914904587858,0.0051045138888888885
627,48.43303684724197,0.5530092234585663,38.13936100034342,0.0051045138888888885
628,48.362339645988335,0.6374850360730239,38.15899764803107,0.0051045138888888885
629,48.28341548122854,0.7054568300164596,38.184917008980996,0.0051045138888888885
630,48.19850608637593,0.7613778889205196,38.21533092981067,0.0051045138888888885
631,48.1090712124803,0.8081089060298071,38.24911047197534,0.0051045138888888885
632,48.016122462162215,0.8476124893209702,38.285491216294396,0.0051045138888888885
633,47.9203934239712,0.881300878447241,38.32392877041149,0.0051045138888888885
634,47.82243475505611,0.9102276607568787,38.36402039129543,0.0051045138888888885
635,47.72267112869038,0.9352013647623324,38.405459155805694,0.0051045138888888885
636,47.621437237649936,0.9568566434888275,38.44800555602348,0.0051045138888888885
637,47.51900156966106,0.9757009329541046,38.491469054194816,0.0051045138888888885
638,47.41558268168891,0.9921461867361488,38.53569563834571,0.0051045138888888885
639,47.311360680419405,1.0065311387554914,38.58055915367152,0.0051045138888888885
640,47.20648553165484,1.019137338130006,38.62595509787148,0.0051045138888888885
641,47.101083209279025,1.0302009634867124,38.67179607507178,0.0051045138888888885
642,46.995260334285184,1.0399217014461675,38.71800839654634,0.0051045138888888885
643,47.16023591239981,0.7202768500905038,38.66610249724046,0.0051045138888888885
644,47.3680413718677,0.464071543522097,38.601986221313304,0.0051045138888888885
645,47.62383806024789,0.279312325335831,38.524091642134344,0.0051045138888888885
646,47.92495224613868,0.16262771038556623,38.43308380984665,0.0051045138888888885
647,48.26037897161699,0.09816721910720325,38.33207403731127,0.0051045138888888885
648,48.61666579295159,0.06610534892331377,38.224950657006914,0.0051045138888888885
649,48.61546362041154,0.29632520080082375,38.18350404013403,0.0051045138888888885
650,48.575880661988954,0.44444747978302346,38.17764034519935,0.0051045138888888885
651,48.51696245586635,0.5530816151534272,38.18775779141537,0.0051045138888888885
652,48.44604720685072,0.6375734211755492,38.20730041811252,0.0051045138888888885
653,48.36690481739107,0.705560189810856,38.233126235519464,0.0051045138888888885
654,48.28177707673576,0.7614952982436505,38.26344707962724,0.0051045138888888885
655,48.19212377638792,0.808239511243215,38.297134001203446,0.0051045138888888885
656,48.0989565507271,0.8477554951537736,38.333422570548805,0.0051045138888888885
657,48.003009014707395,0.8814555394720915,38.3717683850175,0.0051045138888888885
658,47.90483184836181,0.9103932755203097,38.411768691521566,0.0051045138888888885
659,47.80484974540499,0.9353772715383295,38.45311655708523,0.0051045138888888885
660,47.70339741727647,0.9570422170729158,38.495572464163786,0.0051045138888888885
661,47.60074336901408,0.9758955821478369,38.53894586557792,0.0051045138888888885
662,47.49710617382267,0.9923493523014022,38.58308274012414,0.0051045138888888885
663,47.39266595374355,1.0067422916944306,38.62785692396359,0.0051045138888888885
664,47.287572689177,1.0193559781938673,38.67316390595937,0.0051045138888888885
665,47.1819523679352,1.0304266178470325,38.718916281604585,0.0051045138888888885
666,47.07591162432929,1.0401539234822892,38.76504035374971,0.0051045138888888885
667,47.24069315441607,0.7204711791803886,38.71304347364533,0.0051045138888888885
668,47.4482997878737,0.46422025648718773,38.64883792028543,0.0051045138888888885
669,47.703896596104656,0.27941299546885984,38.570854722957684,0.0051045138888888885
670,48.00481607643109,0.16268708776666238,38.47975713054319,0.0051045138888888885
671,48.34005739655935,0.0981983740654171,38.37865522048431,0.0051045138888888885
672,48.69616745539197,0.06612058993313419,38.27143748075143,0.0051045138888888885
673,48.694761883546725,0.29635962042570124,38.229899567942965,0.0051045138888888885
674,48.65497473106972,0.4444992645909103,38.22394504024837,0.0051045138888888885
675,48.595851934364,0.5531494698737057,38.23397211968832,0.0051045138888888885
676,48.524731849007324,0.637656265440062,38.25342483975109,0.0051045138888888885
677,48.44538445845867,0.7056570695040206,38.279161201579996,0.0051045138888888885
678,48.360051604229284,0.7616053467549532,38.309393031253165,0.0051045138888888885
679,48.27019311569687,0.8083619288923611,38.34299136954401,0.0051045138888888885
680,48.17682065697967,0.8478895368939211,38.37919177690662,0.0051045138888888885
681,48.08066786775876,0.8816005069197691,38.41744984105746,0.0051045138888888885
682,47.98228544949872,0.9105485114655176,38.45736279948618,0.0051045138888888885
683,47.88209811505806,0.9355421559719158,38.49862371000052,0.0051045138888888885
684,47.780440593355465,0.9572161641868797,38.540993046034394,0.0051045138888888885
685,47.67758140564179,0.9760780379813014,38.58428025157387,0.0051045138888888885
686,47.57373914033086,0.9925397928260685,38.628331296763896,0.0051045138888888885
687,47.469093933844825,1.006940221204702,38.67302000929694,0.0051045138888888885
688,47.36379578025562,1.0195609279110904,38.71824186975238,0.0051045138888888885
689,47.257970680419476,1.0306381446757138,38.76390946552976,0.0051045138888888885
690,47.15172528112034,1.0403716088751456,38.80994909158193,0.0051045138888888885
691,47.31632447645315,0.7206533600480629,38.75786520756395,0.0051045138888888885
692,47.52374429498461,0.464359690026381,38.69357425097881,0.0051045138888888885
693,47.77915329586431,0.27950739932060575,38.61550627320747,0.0051045138888888885
694,48.07988981449397,0.16274278058330263,38.524322834859255,0.0051045138888888885
695,48.414956889183564,0.09822760375592139,38.42313285441526,0.0051045138888888885
696,48.770900806026376,0.06613489538526506,38.315824964663975,0.0051045138888888885
697,48.76930413605296,0.2963918969610791,38.27419978027788,0.0051045138888888885
698,48.72932514318154,0.44454781740118404,38.26815841658829,0.0051045138888888885
699,48.67001013577033,0.553213086423922,38.278099099833106,0.0051045138888888885
700,48.59869761040864,0.637733933850125,38.29746585832563,0.0051045138888888885
701,48.51915762637213,0.7057478959329628,38.32311668479232,0.0051045138888888885
702,48.433632074103585,0.76170851923302,38.353263396060804,0.0051045138888888885
703,48.343580818449816,0.8084766980978816,38.38677702355535,0.0051045138888888885
704,48.25001555138318,0.8480152046573904,38.422893118509734,0.0051045138888888885
705,48.153669935747146,0.8817364187696474,38.461067259610886,0.0051045138888888885
706,48.05509469308217,0.910694051492093,38.500896675517716,0.0051045138888888885
707,47.95471455418056,0.9356967431098299,38.542074415398936,0.0051045138888888885
708,47.85286426433533,0.9573792494075892,38.58436094423085,0.0051045138888888885
709,47.749812359985505,0.9762491020895835,38.627565697716655,0.0051045138888888885
710,47.64577744379274,0.9927183446677172,38.67153463788964,0.0051045138888888885
711,47.54093966565076,1.007125796159341,38.71614158450096,0.0051045138888888885
712,47.43544903243901,1.019753086585374,38.76128201036226,0.0051045138888888885
713,47.329431557233384,1.030836471738786,38.80686849528305,0.0051045138888888885
714,47.222993898502125,1.0405757119959487,38.852827326809745,0.0051045138888888885
715,47.38742175473457,0.7208241888154828,38.800660252465434,0.0051045138888888885
716,47.594666032310435,0.46449045070300093,38.73628761007025,0.0051045138888888885
717,47.849898557851546,0.27959594512622843,38.65813853483836,0.0051045138888888885
718,48.15046313993846,0.16279502794079267,38.56687300464849,0.0051045138888888885
719,48.48536644887751,0.09825503255621018,38.46559885054783,0.0051045138888888885
720,48.8411541992382,0.06614832534081817,38.35820484026921,0.0051045138888888885
721,48.83937797603736,0.29642217023223016,38.31649624053316,0.0051045138888888885
722,48.799218736473826,0.4445933496211466,38.31037187125716,0.0051045138888888885
723,48.73972313641721,0.5532727422250269,38.320229964094224,0.0051045138888888885
724,48.66822980437392,0.637806765268034,38.33951454278241,0.0051045138888888885
725,48.58850887059248,0.7058330653926687,38.36508359224782,0.0051045138888888885
726,48.50280227133924,0.7618052657795064,38.39514892068266,0.0051045138888888885
727,48.41256990468545,0.8085843194311094,38.42858155076335,0.0051045138888888885
728,48.318823488698705,0.8481330463822301,38.46461702508711,0.0051045138888888885
729,48.22229670792411,0.8818638674223638,38.50271091387869,0.0051045138888888885
730,48.123540302713096,0.9108305297339397,38.54246043751891,0.0051045138888888885
731,48.02297902066217,0.9358417062474365,38.58355863707612,0.0051045138888888885
732,47.920947622407425,0.9575321827646137,38.62576596959574,0.0051045138888888885
733,47.81771465861978,0.9764095189435813,38.668891863013286,0.0051045138888888885
734,47.71349874531152,0.9928857845718415,38.712782271754186,0.0051045138888888885
735,47.608480044999745,1.007299823530934,38.75731100812137,0.0051045138888888885
736,47.50280857656491,1.019933289482128,38.80237353764061,0.0051045138888888885
737,47.396610364532904,1.0310224607680936,38.847882433001814,0.0051045138888888885
738,47.289992078320644,1.0407671193196242,38.893763974803775,0.0051045138888888885
739,47.45425891874142,0.7209844051102345,38.841517366174024,0.0051045138888888885
740,47.661338238857724,0.46461310219520907,38.777066603895584,0.0051045138888888885
741,47.916404927149024,0.2796790123953302,38.698839964646524,0.0051045138888888885
742,48.21680792437492,0.16284405220817874,38.60749594220046,0.0051045138888888885
743,48.5515573095165,0.09828077618395818,38.50614134710925,0.0051045138888888885
744,48.90719826390348,0.06616093570501204,38.39866507290768,0.0051045138888888885
745,48.90525332409717,0.29645057019445764,38.35687675213292,0.0051045138888888885
746,48.86492471986772,0.4446360576915635,38.350673047408186,0.0051045138888888885
747,48.80525943183717,0.5533286950439683,38.36045219681299,0.0051045138888888885
748,48.73359621194895,0.6378750745474606,38.379658220049876,0.0051045138888888885
749,48.65370525690504,0.7059129461053864,38.40514909481349,0.0051045138888888885
750,48.567828545894294,0.7618960046213109,38.43513662123247,0.0051045138888888885
751,48.4774260081166,0.8086852580273571,38.46849181379543,0.0051045138888888885
752,48.38350938609257,0.8482435712327657,38.50445020700789,0.0051045138888888885
753,48.286812384704916,0.8819834033761124,38.54246736316197,0.0051045138888888885
754,48.18788576193499,0.910958535489991,38.58214049487627,0.0051045138888888885
755,48.08715428112858,0.9359776710972914,38.62316263562232,0.0051045138888888885
756,47.984952717302136,0.9576756241309984,38.665294235006904,0.0051045138888888885
757,47.88154963446543,0.9765599804482767,38.70834471367896,0.0051045138888888885
758,47.77716366114357,0.9930428344637665,38.75216001892681,0.0051045138888888885
759,47.6719749716851,1.0074630533640854,38.79661395606601,0.0051045138888888885
760,47.56613359621838,1.0201023129691678,38.841601983786624,0.0051045138888888885
761,47.4597655700011,1.0311969127586456,38.887036668098716,0.0051045138888888885
762,47.35297757271179,1.0409466548678823,38.932844283081984,0.0051045138888888885
763,47.517093090487336,0.721134696579417,38.880521644312694,0.0051045138888888885
764,47.72401738968187,0.46472816870575867,38.81599618182796,0.0051045138888888885
765,47.97892822861361,0.2797569541813959,38.737695367589616,0.0051045138888888885
766,48.279179361427964,0.16289006033148923,38.64627630346702,0.0051045138888888885
767,48.61378406669873,0.0983049423722755,38.54484484218092,0.0051045138888888885
768,48.969287028043404,0.06617277854920631,38.43728999459628,0.0051045138888888885
769,48.9671835447417,0.29647721771678426,38.39542549124499,0.0051045138888888885
770,48.92669579122327,0.44467612427902414,38.389145966887824,0.0051045138888888885
771,48.86687105166124,0.5533811845606116,38.39884966687817,0.0051045138888888885
772,48.79504819352594,0.6379391544474451,38.417980607368804,0.0051045138888888885
773,48.71499747575448,0.7059878804578421,38.44339675934844,0.0051045138888888885
774,48.628960917749005,0.7619811246495529,38.473309915413985,0.0051045138888888885
775,48.53839847788039,0.8087799464069861,38.506591082388425,0.0051045138888888885
776,48.4443219215882,0.8483472526845239,38.54247578719397,0.0051045138888888885
777,48.34746497281873,0.8820955385584096,38.580419584685124,0.0051045138888888885
778,48.24837840607952,0.9110786167868542,38.62001968020007,0.0051045138888888885
779,48.147486999480435,0.9361052195676577,38.6609691000841,0.0051045138888888885
780,48.0451255415188,0.9578101872035408,38.703028286964894,0.0051045138888888885
781,47.94156260870895,0.9767011301114762,38.74600665465495,0.0051045138888888885
782,47.83701684130641,0.993190165793288,38.7897501437459,0.0051045138888888885
783,47.73166842475132,1.0076161832841428,38.83413255299634,0.0051045138888888885
784,47.62566739971664,1.0202608791783776,38.87904933468171,0.0051045138888888885
785,47.51913981152061,1.031360572772694,38.92441304854345,0.0051045138888888885
786,47.412192349461876,1.041115085145833,38.97014996254312,0.0051045138888888885
787,47.576165647086896,0.7212757029851504,38.91775465142347,0.0051045138888888885
788,47.782944255562136,0.4648361380574852,38.853157767317015,0.0051045138888888885
789,48.037708623645116,0.27983009914360285,38.77478602775238,0.0051045138888888885
790,48.337817020721474,0.16293324502775217,38.68329522892162,0.0051045138888888885
791,48.672285729149046,0.09832763148407571,38.58179032439526,0.0051045138888888885
792,49.02765896782482,0.06618390240407478,38.474160434511774,0.0051045138888888885
793,49.0254064924027,0.2965022252934915,38.43222313711052,0.0051045138888888885
794,48.984769180336734,0.4447137193581458,38.42587116042118,0.0051045138888888885
795,48.924794599592566,0.5534304337897972,38.43550275777485,0.0051045138888888885
796,48.85282172578537,0.6379992773694908,38.45456194221143,0.0051045138888888885
797,48.772620876148,0.7060581870317821,38.47990667849947,0.0051045138888888885
798,48.6864341077651,0.7620609877241306,38.509748752198895,0.0051045138888888885
799,48.59572140634955,0.8088687870361886,38.54295916295402,0.0051045138888888885
800,48.50149455882601,0.8484445313247361,38.57877343057881,0.0051045138888888885
801,48.40448730701372,0.8822007493509092,38.616647102952335,0.0051045138888888885
802,48.30525044091502,0.9111912836135141,38.65617737858305,0.0051045138888888885
803,48.20420875248302,0.9362248931935149,38.69705727712962,0.0051045138888888885
804,48.10169704285522,0.9579364431173076,38.73904723467113,0.0051045138888888885
805,47.99798390027117,0.9768335668297564,38.78195665860413,0.0051045138888888885
806,47.89328797598536,0.9933284034806953,38.82563148323508,0.0051045138888888885
807,47.78778946583812,1.0077598625925632,38.86994550116874,0.0051045138888888885
808,47.68163842038981,1.0204096602403279,38.914794158659575,0.0051045138888888885
809,47.57496089439213,1.031514134304099,38.960090009564645,0.0051045138888888885
810,47.46786358616413,1.0412731236271606,39.00575931610284,0.0051045138888888885
811,47.631703212321156,0.7214080199269406,38.953294549481534,0.0051045138888888885
812,47.83834489188568,0.46493746450834195,38.888629386309525,0.0051045138888888885
813,48.09297159637652,0.279898753423175,38.81018983668026,0.0051045138888888885
814,48.39294583148556,0.1629737858724422,38.71863047177752,0.0051045138888888885
815,48.72728669992435,0.0983489370719755,38.61705540098743,0.0051045138888888885
816,49.08253798652737,0.06619435252694089,38.50935384683114,0.0051045138888888885
817,49.08014548763117,0.29652569769125536,38.46734699972613,0.0051045138888888885
818,49.03936762234654,0.4447490011954781,38.46092579514504,0.0051045138888888885
819,48.9792522240099,0.5534766503741541,38.47048849497425,0.0051045138888888885
820,48.90713836948987,0.638055696936778,38.48947910953395,0.0051045138888888885
821,48.826796430634815,0.7061241624500362,38.51475559782162,0.0051045138888888885
822,48.74046849984678,0.7621359307690582,38.54452973882058,0.0051045138888888885
823,48.64961458847091,0.8089521546554577,38.57767252545144,0.0051045138888888885
824,48.55524650357663,0.8485358173989803,38.61341947086355,0.0051045138888888885
825,48.45809800374271,0.8822994793402391,38.65122611639253,0.0051045138888888885
826,48.358719893502276,0.911297010863237,38.69068965413855,0.0051045138888888885
827,48.25753697779049,0.9363371962572209,38.73150309748535,0.0051045138888888885
828,48.154884069599404,0.9580549237334512,38.77342687636531,0.0051045138888888885
829,48.05102976816468,0.9769578483325168,38.81627039215272,0.0051045138888888885
830,47.946192735056464,0.9934581295067262,38.85987957325421,0.0051045138888888885
831,47.84055317586875,1.0078946959930537,38.90412820649741,0.0051045138888888885
832,47.73426115043465,1.020549282137416,38.948911732484305,0.0051045138888888885
833,47.62744272235332,1.0316582432498207,38.994142699547716,0.0051045138888888885
834,47.52020459840361,1.0414214348358108,39.03974736451459,0.0051045138888888885
835,47.68391858241709,0.7215322022304281,38.98721622358661,0.0051045138888888885
836,47.890431561937945,0.46503257131549947,38.92248579283765,0.0051045138888888885
837,48.14492887446411,0.2799632023536612,38.84398141887015,0.0051045138888888885
838,48.44477700094639,0.16301185029139142,38.75235652335448,0.0051045138888888885
839,48.778997692570485,0.09836894638933086,38.65071442299288,0.0051045138888888885
840,49.13413432861461,0.06620417114592482,38.54294443571772,0.0051045138888888885
