time,ammonia,nitrite,nitrate,COD
1,25.738574639970007,1.495030709572956,26.65017484314588,64.43132905658204
2,25.80627742553338,1.670982542356347,26.623639615821954,62.904271765828334
3,25.873226327123938,1.839550799532233,26.59972853151673,61.3703646832698
4,25.939507998823068,2.0019573480760293,26.57797122810734,59.83072795761975
5,26.00518845247331,2.1591174214870352,26.558021165486668,58.28620818655539
6,26.070319451526917,2.311737648338697,26.539614503758358,56.73746374529072
7,26.134942556071504,2.460377104494666,26.52254498655924,55.1850186299862
8,26.199091796573065,2.6054871383649227,26.506647829377336,53.629297963182694
9,26.262795506016584,2.7474383522709354,26.49178896250145,52.07065226900624
10,26.32607761377414,2.8865394688220745,26.477857605830653,50.50937458017092
11,26.388958583057978,3.0230508809213874,26.46476099710768,48.945712807518795
12,26.451456105290188,3.1571946098229926,26.45242055754766,47.379878884239716
13,26.513585624392864,3.289161770999684,26.440769043914415,45.81205565723546
14,26.57536073939489,3.4191182703858867,26.429748394111968,44.2424021692842
15,26.636793518252873,3.5472092182406927,26.419308070796358,42.67105776889026
16,26.69789474575029,3.6735623968085744,26.40940376939725,41.09814535102427
17,26.7586741216818,3.798291018496192,26.39999639728771,39.52377394338525
18,26.819140421016076,3.9214959443127175,26.39105125776278,37.948040792833076
19,26.878805127840575,3.1191832019253942,26.40613376241979,36.324653817599604
20,26.956587257246934,2.356404912909385,26.416441693379795,34.724859265629554
21,27.061000238335296,1.6508753393227575,26.41976185781923,33.1597997931914
22,27.2060869518475,1.0318722251765693,26.412443486541473,31.64794132634488
23,27.413236420298176,0.5441350576146236,26.388925944307573,30.21765737964772
24,27.70381613935245,0.23266624547549716,26.343654363415197,28.89788468681835
25,27.772768951750063,0.5366517319691101,26.266969204759288,27.479327025752795
26,27.838363141101304,0.789531869836918,26.212963944611598,26.018452150429304
27,27.9019161296922,1.0143927436327345,26.170395397442523,24.53306745858369
28,27.96402150938937,1.2208074855427224,26.1349881601585,23.031121814316943
29,28.025009945134144,1.413867627357851,26.104585494238083,21.517010733525463
30,28.08508893346867,1.596669128157288,26.07792391698122,19.99347426662608
31,28.144399211842188,1.7712624549232925,26.054189887341945,18.462359107325852
32,28.20304165956267,1.9390892565408258,26.032824061556152,16.924980573127776
33,28.261091647747712,2.101209045719039,26.013422810748647,15.382315049433153
34,28.318607342557268,2.258427608959368,25.995683833067037,13.835111016308757
35,28.375634817114385,2.41137471692694,25.979373930934003,12.283957223527569
36,28.432211356853994,2.5605536590910996,25.964308839901012,10.729326666906703
37,28.488367683563283,2.7063741715107144,25.950340028741202,9.171606112716148
38,28.544129502087312,2.849175097340984,25.93734573968243,7.611116587708856
39,28.599518606360103,2.989240442676178,25.925224717172593,6.048128002458064
40,28.65455368938277,3.126811039094608,25.913891702182603,4.482869840305593
41,28.70925094875254,3.2620931988566384,25.903274121204408,2.915539133827079
42,28.763624547584634,3.3952652597012034,25.893309604910307,1.3463065258092763
43,28.83025561077649,2.658809642013094,25.901300494523674,0.008152430555555557
44,28.914318139065855,2.147602333643307,25.89304001317935,0.008152430555555557
45,29.018807298120628,1.668060630849243,25.87879986599448,0.008152430555555557
46,29.150623173270382,1.2305856369180965,25.856542671973536,0.008152430555555557
47,29.319035261567542,0.8492888387600871,25.823505519947705,0.008152430555555557
48,29.53488148749442,0.540951833081806,25.776405073202973,0.008152430555555557
49,29.594628415995423,0.7957153445044077,25.803710498047202,0.008152430555555557
50,29.652325244107466,1.0329181071466953,25.842807975624996,0.008152430555555557
51,29.708539742295184,1.25847052705959,25.889439283995703,0.008152430555555557
52,29.763604046387435,1.4755685383150758,25.9413550083831,0.008152430555555557
53,29.81773295421247,1.686168129491762,25.997201814775096,0.008152430555555557
54,29.871075056430794,1.891567048659894,26.05609368039302,0.008152430555555557
55,29.92373827732214,2.0926769893550388,26.117414836758616,0.008152430555555557
56,29.975803966521678,2.290166437218546,26.180717829560557,0.008152430555555557
57,30.027335264448322,2.4845421482973773,26.2456660616484,0.008152430555555557
58,30.078382356711664,2.6761986708748164,26.31199922161442,0.008152430555555557
59,30.128985926303706,2.8654499935205515,26.379511381222702,0.008152430555555557
60,30.179179506664745,3.0525506113584973,26.448036526254654,0.008152430555555557
61,30.22899113550268,3.2377100302164044,26.517438660901917,0.008152430555555557
62,30.27844454775356,3.4211030411385743,26.587604839507716,0.008152430555555557
63,30.327560055528597,3.602877178060938,26.658440135675722,0.008152430555555557
64,30.376355209885233,3.7831582461594704,26.729863930852893,0.008152430555555557
65,30.424845307055495,3.96205449617304,26.801807124195236,0.008152430555555557
66,30.473043781562545,4.139659827948588,26.874209999865986,0.008152430555555557
67,30.519103933811618,3.574248586882277,26.873916657305752,0.008152430555555557
68,30.575351782597753,3.0252004298426014,26.870646922013158,0.008152430555555557
69,30.644575867946834,2.4966628874127625,26.863587603924646,0.008152430555555557
70,30.730666244102576,1.9944431034193093,26.851600462901466,0.008152430555555557
71,30.839099526923953,1.5267578144126859,26.83307546775894,0.008152430555555557
72,30.977495079586916,1.1051223680384887,26.80575707621116,0.008152430555555557
73,31.029159356063523,1.3291676523480722,26.8522643746655,0.008152430555555557
74,31.07976388961549,1.5454238590106486,26.90358810970972,0.008152430555555557
75,31.129500284125715,1.7556124992521096,26.95854276111202,0.008152430555555557
76,31.178503116724524,1.960897012748498,27.016337081580897,0.008152430555555557
77,31.226871239550274,2.1621059081387806,27.07641334637034,0.008152430555555557
78,31.27467981022167,2.3598530471217907,27.13836187035516,0.008152430555555557
79,31.321987561329617,2.5546076470590613,27.201871819425293,0.008152430555555557
80,31.36884143065151,2.746737501643388,27.26670113216366,0.008152430555555557
81,31.41527963779486,2.9365369532018155,27.332657214893388,0.008152430555555557
82,31.46133380095278,3.1242457067210037,27.39958405174219,0.008152430555555557
83,31.507030436360626,3.310061896560123,27.467353309985974,0.008152430555555557
84,31.552392047174756,3.494151411453478,27.53585802891878,0.008152430555555557
85,31.597437931300902,3.6766547062456496,27.605008033537064,0.008152430555555557
86,31.642184791995657,3.8576918794727115,27.674726531827435,0.008152430555555557
87,31.68664720702531,4.037366526027771,27.744947543924738,0.008152430555555557
88,31.7308379944281,4.215768706619351,27.815613928345797,0.008152430555555557
89,31.774768501395446,4.392977268686954,27.88667584482399,0.008152430555555557
90,31.818448835111564,4.569061683274812,27.95808954174484,0.008152430555555557
91,31.855420959048086,3.9935219041158416,27.957321746133275,0.008152430555555557
92,31.901015929196042,3.4320147015557048,27.954039284307505,0.008152430555555557
93,31.957434024511382,2.8878056016370284,27.94760169009581,0.008152430555555557
94,32.02770688054387,2.365407550545366,27.937124120747377,0.008152430555555557
95,32.11607811553365,1.8711626977166635,27.921363463610888,0.008152430555555557
96,32.22852044303505,1.4140464766382737,27.89856102963108,0.008152430555555557
97,32.275113385246605,1.628978901517391,27.949263246435468,0.008152430555555557
98,32.32090741639943,1.8383137325604277,28.003273105368848,0.008152430555555557
99,32.36602222526524,2.0430736804862932,28.05989808121401,0.008152430555555557
100,32.410546876758666,2.2439983542808988,28.11864214084202,0.008152430555555557
101,32.45454977637261,2.441642358347078,28.179136354971142,0.008152430555555557
102,32.49808481482662,2.6364337077622872,28.24109801713532,0.008152430555555557
103,32.541195345608664,2.828710554021615,28.304305175492,0.008152430555555557
104,32.58391686302867,3.018745305559948,28.368580038230565,0.008152430555555557
105,32.62627886508019,3.2067610496369463,28.43377775411272,0.008152430555555557
106,32.66830618535551,3.3929430751188816,28.49977858870825,0.008152430555555557
107,32.71001996798793,3.5774471679499467,28.5664823230606,0.008152430555555557
108,32.75143839596004,3.760405716855016,28.633804151496477,0.008152430555555557
109,32.79257724493498,3.941932294801579,28.701671617431256,0.008152430555555557
110,32.83345031107027,4.122125155521404,28.770022284449244,0.008152430555555557
111,32.874069746132,4.301069942430199,28.838801938793846,0.008152430555555557
112,32.91444632329532,4.478841815707682,28.90796318284187,0.008152430555555557
113,32.9545896503528,4.6555071427668855,28.97746432087083,0.008152430555555557
114,32.994508342489134,4.831124856445695,29.047268466499773,0.008152430555555557
115,33.02569103340824,4.250150999164361,29.045165300312615,0.008152430555555557
116,33.064712076427,3.682039826143991,29.040781674644347,0.008152430555555557
117,33.11348850982526,3.129633276921184,29.033560068574534,0.008152430555555557
118,33.17463953981832,2.5968247592512697,29.022736942423556,0.008152430555555557
119,33.25180811174045,2.089048297872147,29.007246953589096,0.008152430555555557
120,33.350119024849654,1.6139843548029242,28.985584812316695,0.008152430555555557
121,33.39269481142986,1.8247089462140926,29.037210149992887,0.008152430555555557
122,33.43459422593281,2.030772063898633,29.091507892572306,0.008152430555555557
123,33.47590870331595,2.2329352625870267,29.147967026140073,0.008152430555555557
124,33.516708245291206,2.431767735035011,29.206208775369298,0.008152430555555557
125,33.55704785178931,2.627707596237483,29.265943686797335,0.008152430555555557
126,33.596971665680215,2.8211002248713295,29.32694502650029,0.008152430555555557
127,33.63651575317833,3.012223344619994,29.38903151743272,0.008152430555555557
128,33.67571003195414,3.2013040434841136,29.452055708050867,0.008152430555555557
129,33.71457964608288,3.3885306821506203,29.51589588469703,0.008152430555555557
130,33.75314597020158,3.574061446325638,29.58045029570131,0.008152430555555557
131,33.79142735815023,3.758030628264038,29.645632930445164,0.008152430555555557
132,33.82943971126546,3.9405533314667482,29.711370372417456,0.008152430555555557
133,33.867196916678445,4.121729055386603,29.777599411395922,0.008152430555555557
134,33.90471119015954,4.30164446861864,29.84426520322303,0.008152430555555557
135,33.941993347704226,4.480375583593954,29.911319831782272,0.008152430555555557
136,33.97905302313136,4.657989482843699,29.978721171189754,0.008152430555555557
137,34.015898844228325,4.834545704457889,30.04643197534875,0.008152430555555557
138,34.052538576680085,5.010097365179204,30.11441914196912,0.008152430555555557
139,34.07941925346723,4.425690625706662,30.110670486706614,0.008152430555555557
140,34.11366337888436,3.853436699148122,30.104785272865463,0.008152430555555557
141,34.157020797930436,3.2959278325657424,30.09625486645057,0.008152430555555557
142,34.211868211966014,2.756693840180181,30.084386911954258,0.008152430555555557
143,34.281494554619805,2.240635021086057,30.06822054454026,0.008152430555555557
144,34.37051585184133,1.7546583193948266,30.046401847929122,0.008152430555555557
145,34.40967548832082,1.963084037982877,30.09772028629898,0.008152430555555557
146,34.44823129607302,2.167360001926315,30.15136714993289,0.008152430555555557
147,34.486260029856666,2.368115758129779,30.206922428970362,0.008152430555555557
148,34.5238214486609,2.56583106467153,30.264068465898635,0.008152430555555557
149,34.56096315143071,2.760881049025202,30.32255853203272,0.008152430555555557
150,34.59772377681792,2.9535653043935293,30.3821967512193,0.008152430555555557
151,34.634135196870325,3.1441273873554016,30.442824745702172,0.008152430555555557
152,34.670224066286785,3.332768316933037,30.50431245070924,0.008152430555555557
153,34.70601294449924,3.5196561821881596,30.56655161497325,0.008152430555555557
154,34.741521126206095,3.7049331439267807,30.62945108885819,0.008152430555555557
155,34.77676526784162,3.8887206431180106,30.692933335853525,0.008152430555555557
156,34.811759868036205,4.071123345594255,30.75693180183678,0.008152430555555557
157,34.846517641562265,4.252232177461163,30.821388898696664,0.008152430555555557
158,34.88104981422764,4.432126694055331,30.886254436345908,0.008152430555555557
159,34.91536635818915,4.610876952328962,30.951484387530083,0.008152430555555557
160,34.949476181736884,4.788545007731647,31.017039903389353,0.008152430555555557
161,34.98338728384626,4.965186123328702,31.08288652053997,0.008152430555555557
162,35.017106881155314,5.140849755709452,31.14899351625164,0.008152430555555557
163,35.04052995857383,4.554065412841403,31.143482311608047,0.008152430555555557
164,35.07099724300727,3.9789553063897425,31.135932942296634,0.008152430555555557
165,35.11014804459376,3.417946752669462,31.125869060164387,0.008152430555555557
166,35.16019929384151,2.874330301621834,31.112645146998943,0.008152430555555557
167,35.22420675309763,2.352655306425721,31.095369031488417,0.008152430555555557
168,35.30644875615892,1.859316651404785,31.072787004269646,0.008152430555555557
169,35.342608337970155,2.0663673443754926,31.12323399849896,0.008152430555555557
170,35.37821288301102,2.2695885909084215,31.175795830005814,0.008152430555555557
171,35.41333026044156,2.469531448773931,31.23010631953793,0.008152430555555557
172,35.44801389891917,2.666621263957711,31.285884831447206,0.008152430555555557
173,35.482306743836595,2.8611941208027227,31.342911021148605,0.008152430555555557
174,35.516243922152064,3.0535207899288728,31.401008375028663,0.008152430555555557
175,35.549854596236386,3.2438230369814587,31.460033078788076,0.008152430555555557
176,35.583163289405356,3.4322850683878583,31.51986625321249,0.008152430555555557
177,35.61619085619843,3.6190617726824477,31.580408394520834,0.008152430555555557
178,35.64895520718754,3.8042847870908094,31.64157530216777,0.008152430555555557
179,35.68147186012072,3.988067050055432,31.703295036747335,0.008152430555555557
180,35.71375436563224,4.170506275909323,31.76550560769328,0.008152430555555557
181,35.74581464068118,4.3516876469997685,31.82815318849729,0.008152430555555557
182,35.77766323299808,4.531685927649878,31.89119072008744,0.008152430555555557
183,35.809309533184866,4.710567144235859,31.95457680441347,0.008152430555555557
184,35.8407619465709,4.88838993504196,32.01827481813719,0.008152430555555557
185,35.87202803375671,5.0652066455687645,32.082252195440766,0.008152430555555557
186,35.90311462652804,5.241064225343124,32.14647984231858,0.008152430555555557
187,35.92362695010373,4.652527877474929,32.139175226992116,0.008152430555555557
188,35.95095344932219,4.075319821953166,32.12990466167959,0.008152430555555557
189,35.986654692704214,3.5117499568763466,32.118214778883065,0.008152430555555557
190,36.03283412046673,2.96493901501428,32.103493298351815,0.008152430555555557
191,36.09238202620591,2.439187589324974,32.084896736098024,0.008152430555555557
192,36.169336191985394,1.94052644064664,32.06124263638588,0.008152430555555557
193,36.202813925344216,2.146705902671413,32.11053690297881,0.008152430555555557
194,36.23577221964151,2.3492748025197425,32.16180119846076,0.008152430555555557
195,36.26827301362589,2.548732472036981,32.21470469260134,0.008152430555555557
196,36.30036545009837,2.7454678357856293,32.26899145535914,0.008152430555555557
197,36.332089285830875,2.9397905075656423,32.32445898305836,0.008152430555555557
198,36.36347721674387,3.1319515063278978,32.38094400052098,0.008152430555555557
199,36.39455651252748,3.3221575280593076,32.438312744616745,0.008152430555555557
200,36.42535019590741,3.510581060712466,32.49645411863399,0.008152430555555557
201,36.4558779125269,3.697367728856923,32.55527474791615,0.008152430555555557
202,36.48615658512887,3.882641739867096,32.6146953311136,0.008152430555555557
203,36.516200913936196,4.066509997157817,32.67464789647578,0.008152430555555557
204,36.546023765175775,4.249065257406742,32.73507370423035,0.008152430555555557
205,36.575636476812704,4.430388589092076,32.795921619127576,0.008152430555555557
206,36.60504910204239,4.610551311781225,32.85714683102671,0.008152430555555557
207,36.63427060532328,4.7896165436813,32.918709837103414,0.008152430555555557
208,36.66330902176059,4.967640449616787,32.98057562344871,0.008152430555555557
209,36.69217158785815,5.144673257083154,33.04271300054995,0.008152430555555557
210,36.720864849666164,5.320760090727378,33.105094058892206,0.008152430555555557
211,36.73885309668748,4.730872254767917,33.09600869377516,0.008152430555555557
212,36.763481183617664,4.152049658682838,33.08501316187187,0.008152430555555557
213,36.796250482726784,3.5865139695288404,33.0716713605511,0.008152430555555557
214,36.83917931611269,3.0372586342638024,33.05539591931016,0.008152430555555557
215,36.8950340141218,2.5083980403039607,33.035379794556725,0.008152430555555557
216,36.96767178107547,2.0056899501509937,33.01049394915224,0.008152430555555557
217,36.998725487972216,2.211294358376536,33.05849429128814,0.008152430555555557
218,37.029287226531515,2.413447420379493,33.10836019180254,0.008152430555555557
219,37.059414696253455,2.6126118437115724,33.15978578326398,0.008152430555555557
220,37.089153944013944,2.8091504720985254,33.21253278682786,0.008152430555555557
221,37.118542402745064,3.0033537859990553,33.266411569031106,0.008152430555555557
222,37.14761098302995,3.1954584144488547,33.321268482648414,0.008152430555555557
223,37.17638555520318,3.3856600001978547,33.376977125403116,0.008152430555555557
224,37.204888025844745,3.574122385575722,33.43343213430881,0.008152430555555557
225,37.23313713651499,3.7609843253483124,33.49054467404138,0.008152430555555557
226,37.26114906751283,3.946364492242781,33.548239088464605,0.008152430555555557
227,37.28893790177405,4.130365275943644,33.60645037005027,0.008152430555555557
228,37.316515986514034,4.3130757118035286,33.66512221657969,0.008152430555555557
229,37.34389421883056,4.494573770294227,33.724205517430406,0.008152430555555557
230,37.37108227389655,4.67492816921662,33.783657159338254,0.008152430555555557
231,37.39808878921232,4.854199824394985,33.84343907330556,0.008152430555555557
232,37.424921514807835,5.032443022889748,33.90351746598952,0.008152430555555557
233,37.45158743676146,5.209706380668225,33.963862193950455,0.008152430555555557
234,37.47809287959142,5.38603363101045,34.024446249765035,0.008152430555555557
235,37.49384836882119,4.795065601003945,34.01361623748137,0.008152430555555557
236,37.516106363774036,4.214954907223496,34.00092085026238,0.008152430555555557
237,37.54632187804213,3.64785414538392,33.98593749863116,0.008152430555555557
238,37.58644670627717,3.0966573243006286,33.9680982692779,0.008152430555555557
239,37.63915039714137,2.5653335492218727,33.94662454739928,0.008152430555555557
240,37.708149014147196,2.0594274077066346,33.920429005913334,0.008152430555555557
241,37.73699535594745,2.2646401314544593,33.96707031873919,0.008152430555555557
242,37.76537180714834,2.466522898168699,34.01549822825852,0.008152430555555557
243,37.79333287832197,2.665511070659323,34.06542546678499,0.008152430555555557
244,37.82092226868862,2.8619478517822357,34.11662702449545,0.008152430555555557
245,37.84817563689422,3.056109209438059,34.16892301459207,0.008152430555555557
246,37.87512252225705,3.248220791429202,34.22216712681201,0.008152430555555557
247,37.9017877146425,3.4384697613772515,34.27623859831895,0.008152430555555557
248,37.928192254759416,3.6270132992064967,34.331036479404105,0.008152430555555557
249,37.95435417979577,3.813984844573766,34.38647544292002,0.008152430555555557
250,37.98028908932513,3.9994987729288423,34.44248266001763,0.008152430555555557
251,38.00601058167846,4.183653958271204,34.4989954296033,0.008152430555555557
252,38.03153059521223,4.366536529228285,34.55595935150064,0.008152430555555557
253,38.05685967858977,4.548222030207418,34.61332689895864,0.008152430555555557
254,38.08200720728691,4.728777136800578,34.67105628924015,0.008152430555555557
255,38.10698155881467,4.908261032432259,34.72911057995374,0.008152430555555557
256,38.1317902558633,5.086726524228488,34.787456938601295,0.008152430555555557
257,38.15644008424423,5.264220955774923,34.84606604662853,0.008152430555555557
258,38.180937190831685,5.440786959981621,34.904911609059695,0.008152430555555557
259,38.19469009115267,4.848930884855345,34.89238600121014,0.008152430555555557
260,38.21483396701172,4.267762770469913,34.878032081130186,0.008152430555555557
261,38.24278634979528,3.6993793832996444,34.86143817983042,0.008152430555555557
262,38.280445335136044,3.1465944991845123,34.84205208117298,0.008152430555555557
263,38.33040243292057,2.61326013709894,34.81911807955609,0.008152430555555557
264,38.39625982798226,2.1047490142538905,34.79158247415155,0.008152430555555557
265,38.42308539182569,2.3096879945379976,34.836843594224355,0.008152430555555557
266,38.44945935389259,2.511393015312672,34.88382943230411,0.008152430555555557
267,38.47543372991607,2.710278175426568,34.93226716027086,0.008152430555555557
268,38.50105037069533,2.9066713003090734,34.98194214181955,0.008152430555555557
269,38.52634353024847,3.1008369306457086,35.03268215465834,0.008152430555555557
270,38.55134165713761,3.292992025579803,35.08434668683077,0.008152430555555557
271,38.576068678145184,3.483317011700982,35.136819451343214,0.008152430555555557
272,38.60054493968675,3.6719637560242138,35.190003014177805,0.008152430555555557
273,38.62478791219571,3.8590614460540373,35.243814851958604,0.008152430555555557
274,38.648812726487144,4.0447210095393595,35.29818440192862,0.008152430555555557
275,38.67263258855801,4.2290384926349285,35.35305081633862,0.008152430555555557
276,38.69625910482885,4.412097680554184,35.408361226889284,0.008152430555555557
277,38.719702540333515,4.593972157718492,35.46406938506264,0.008152430555555557
278,38.74297202597464,4.774726946709569,35.520134583869854,0.008152430555555557
279,38.76607572657953,4.9544198262697225,35.57652079330287,0.008152430555555557
280,38.789020978428276,5.133102401632589,35.633195960166404,0.008152430555555557
281,38.81181440274808,5.310820981528741,35.69013143583936,0.008152430555555557
282,38.83446200009936,5.487617302695168,35.74730150466561,0.008152430555555557
283,38.846400901203104,4.895014424695059,35.73313641369101,0.008152430555555557
284,38.86463797331118,4.31295814917978,35.7171744097679,0.008152430555555557
285,38.89055966571875,3.7434989578285323,35.69901287593344,0.008152430555555557
286,38.92601960855883,3.189384210455373,35.67811258838941,0.008152430555555557
287,38.97354475306586,2.6543691056972376,35.65373678380345,0.008152430555555557
288,39.03664304467998,2.1436842173588886,35.62485956996294,0.008152430555555557
289,39.0616113090251,2.3484276014966072,35.66874573499977,0.008152430555555557
290,39.086143474537046,2.5500151764679697,35.71430671624637,0.008152430555555557
291,39.110289544024376,2.748843970145949,35.761281261639965,0.008152430555555557
292,39.13408986914551,2.9452293942588903,35.809463098662235,0.008152430555555557
293,39.15757755961544,3.1394267216472,35.85868621416963,0.008152430555555557
294,39.18078017192055,3.3316458366195585,35.908814812606884,0.008152430555555557
295,39.203720924520425,3.5220616611863584,35.959736260414054,0.008152430555555557
296,39.22641959225206,3.7108217083210815,36.011356002007005,0.008152430555555557
297,39.2488931776384,3.898051671545498,36.063593815689664,0.008152430555555557
298,39.271156423474324,4.08385963894495,36.1163810033719,0.008152430555555557
299,39.2932222102048,4.268339322611985,36.169658245527415,0.008152430555555557
300,39.31510186818431,4.451572569839695,36.22337393936054,0.008152430555555557
301,39.33680542604469,4.633631341395514,36.2774828940795,0.008152430555555557
302,39.35834181041821,4.8145792883358824,36.331945294199734,0.008152430555555557
303,39.37971900814472,4.994473022225595,36.386725866848224,0.008152430555555557
304,39.400944199206634,5.173363148286767,36.44179320630967,0.008152430555555557
305,39.422023866579515,5.351295113154176,36.497119221177336,0.008152430555555557
306,39.442963887699555,5.528309906143523,36.55267867811035,0.008152430555555557
307,39.453247704122134,4.935067411206452,36.53693380380629,0.008152430555555557
308,39.469750941736145,4.352251237129342,36.519419118857854,0.008152430555555557
309,39.49383374774772,3.7818727070663045,36.49973966345147,0.008152430555555557
310,39.52731217252704,3.2266230646252745,36.47736719003279,0.008152430555555557
311,39.572658653457935,2.690175781517003,36.45158092333715,0.008152430555555557
312,39.63330154694584,2.177641446450343,36.4213784435723,0.008152430555555557
313,39.65655755291582,2.3822422895738553,36.463911125194834,0.008152430555555557
314,39.67939083699358,2.583752439224993,36.508077442979335,0.008152430555555557
315,39.70184973756495,2.78255486701633,36.55362566509453,0.008152430555555557
316,39.72397336132427,2.9789547159853758,36.600356430073475,0.008152430555555557
317,39.74579386415647,3.1731995626934637,36.64810887586193,0.008152430555555557
318,39.76733805653706,3.3654933967307255,36.696751132884664,0.008152430555555557
319,39.78862856286656,3.556006540477089,36.746173617623164,0.008152430555555557
320,39.80968467735961,3.7448828594654335,36.79628418363944,0.008152430555555557
321,39.83052300815588,3.93224511371538,36.84700453995423,0.008152430555555557
322,39.8511579702899,4.118199002415102,36.89826755568989,0.008152430555555557
323,39.87160216865599,4.302836270586882,36.95001519799867,0.008152430555555557
324,39.89186669950005,4.486237129665264,37.002196931222755,0.008152430555555557
325,39.91196139062242,4.668472167823902,37.05476845773586,0.008152430555555557
326,39.931894994825456,4.849603875108345,37.10769071579124,0.008152430555555557
327,39.951675347239245,5.0296878738340025,37.16092907335909,0.008152430555555557
328,39.97130949441644,5.208773920690015,37.214452673299036,0.008152430555555557
329,39.990803801131285,5.386906730030452,37.26823389672013,0.008152430555555557
330,40.01016403939917,5.564126655673956,37.322247919605545,0.008152430555555557
331,40.018929615819715,4.970328178740056,37.304984426979146,0.008152430555555557
332,40.03384672347503,4.386852066198867,37.28597486662953,0.008152430555555557
333,40.05625288671266,3.8156759664617472,37.264830862660276,0.008152430555555557
334,40.08793186905237,3.259442921593717,37.241033594706366,0.008152430555555557
335,40.13130930942358,2.7217562644830693,37.21387600764355,0.008152430555555557
336,40.18974523652074,2.20762362017591,37.18237582334277,0.008152430555555557
337,40.21141888587634,2.4121186974582436,37.22358655686031,0.008152430555555557
338,40.23268151704978,2.6135783612370034,37.26639630514619,0.008152430555555557
339,40.25358006481783,2.8123737718520414,37.31056132756999,0.008152430555555557
340,40.27415258214472,3.008801409874348,37.355888087036725,0.008152430555555557
341,40.29443041505141,3.203102337929949,37.40222007729713,0.008152430555555557
342,40.31443973885355,3.3954755423039775,37.44942875817784,0.008152430555555557
343,40.33420267092675,3.586087431693894,37.49740713914823,0.008152430555555557
344,40.35373809437633,3.7750787614315158,37.54606512632475,0.008152430555555557
345,40.37306227932477,3.9625697853298427,37.5953260767804,0.008152430555555557
346,40.39218935937567,4.14866415816174,37.64512419963579,0.008152430555555557
347,40.41113170242078,4.333451938947355,37.695402563804265,0.008152430555555557
348,40.429900203028765,4.517011935055634,37.74611154859931,0.008152430555555557
349,40.448504515732125,4.699413555064695,37.79720762309688,0.008152430555555557
350,40.466953243150016,4.880718290100762,37.84865237324017,0.008152430555555557
351,40.48525408916461,5.0609809104339725,37.900411718190526,0.008152430555555557
352,40.503413984747276,5.240250441187838,37.952455273028335,0.008152430555555557
353,40.521439192156436,5.418570964800907,38.00475582590905,0.008152430555555557
354,40.53933539186838,5.595982286227811,38.057288905654666,0.008152430555555557
355,40.54670256638222,5.001694696376675,38.03856809748534,0.008152430555555557
356,40.560161987872696,4.417638483487078,38.01812226928396,0.008152430555555557
357,40.58103146439118,3.8457619523952933,37.995568781533585,0.008152430555555557
358,40.61106664886386,3.28866618673715,37.97039701928879,0.008152430555555557
359,40.65265246497301,2.749893513720821,37.941911860246435,0.008152430555555557
360,40.709089497233954,2.2343620146491925,37.909148542078185,0.008152430555555557
361,40.7292979795116,2.4387772888896855,37.94907504676523,0.008152430555555557
362,40.74910579610579,2.6402047960661537,37.99057101459398,0.008152430555555557
363,40.768558679167086,2.8390056077262544,38.033399524247905,0.008152430555555557
364,40.78769377597048,3.0354687802582,38.07737202603838,0.008152430555555557
365,40.80654173456733,3.22982977754812,38.1223357544347,0.008152430555555557
366,40.82512818157447,3.4222832749778735,38.16816503560999,0.008152430555555557
367,40.84347479544332,3.612992301982246,38.21475511616099,0.008152430555555557
368,40.86160010271944,3.8020949233665964,38.262017676359925,0.008152430555555557
369,40.87952007986039,3.98970922131422,38.30987750011814,0.008152430555555557
370,40.897248615585625,4.1759370764840105,38.3582699583532,0.008152430555555557
371,40.914797871265755,4.360867082855208,38.40713907643162,0.008152430555555557
372,40.93217856549592,4.5445768262675195,38.456436028858704,0.008152430555555557
373,40.94940020143478,4.727134687926343,38.50611795170793,0.008152430555555557
374,40.966471250341115,4.908601288066936,38.55614699488471,0.008152430555555557
375,40.98339930117108,5.089030653426926,38.60648955786583,0.008152430555555557
376,41.000191183581144,5.268471170183437,38.65711566751793,0.008152430555555557
377,41.016853069877,5.446966368420876,38.70799846716762,0.008152430555555557
378,41.03339056013592,5.624555572976236,38.7591137936739,0.008152430555555557
379,41.039465658380486,5.02983348751334,38.73899626884037,0.008152430555555557
380,41.05158069009525,4.445262323226965,38.71717256046252,0.008152430555555557
381,41.071036095396586,3.872764540044616,38.693265080861785,0.008152430555555557
382,41.09956278703562,3.3149043003551864,38.66677043484114,0.008152430555555557
383,41.13950987935842,2.775170288771233,38.63700399210148,0.008152430555555557
384,41.19412567943772,2.258401863981189,38.603016388866635,0.008152430555555557
385,41.21297532034034,2.4627559732592226,38.641700059882545,0.008152430555555557
386,41.23143353314728,2.6641638916102903,38.68192765548459,0.008152430555555557
387,41.24954500619713,2.862977957630948,38.72346815212718,0.008152430555555557
388,41.267346098527746,3.059480782332115,38.766137326512414,0.008152430555555557
389,41.28486684930671,3.2539029568605695,38.80978566626625,0.008152430555555557
390,41.30213240550375,3.4464353966464834,38.85428999570107,0.008152430555555557
391,41.31916406118725,3.637238178243922,38.89954751479693,0.008152430555555557
392,41.33598003014342,3.8264470115546114,38.94547145546785,0.008152430555555557
393,41.352596030861875,4.014178075260735,38.99198785127897,0.008152430555555557
394,41.36902573665871,4.200531692931666,39.039033091941334,0.008152430555555557
395,41.385281127022786,4.385595171214831,39.08655204246921,0.008152430555555557
396,41.401372765394946,4.569445021451284,39.13449657612733,0.008152430555555557
397,41.4173100213282,4.752148720258494,39.182824415605374,0.008152430555555557
398,41.433101250025125,4.933766120381953,39.23149820718512,0.008152430555555557
399,41.448753938810746,5.114350592769421,39.28048477338209,0.008152430555555557
400,41.464274827668284,5.293949959624202,39.329754503959805,0.008152430555555557
401,41.479670009220264,5.472607263143793,39.379280855410194,0.008152430555555557
402,41.49494501226677,5.650361403803519,39.4290399363205,0.008152430555555557
403,41.499823337639526,5.055250269621777,39.40758505429799,0.008152430555555557
404,41.51069503789741,4.4702183171937975,39.38444097599127,0.008152430555555557
405,41.52884511974579,3.8971650431267704,39.359234601824994,0.008152430555555557
406,41.55598252931633,3.3386218327661705,39.331468945492546,0.008152430555555557
407,41.594424605941605,2.7980297812328643,39.30046868430136,0.008152430555555557
408,41.64737327402471,2.2801584212743187,39.26529811239719,0.008152430555555557
409,41.6649609837548,2.4844649549943663,39.30278236395262,0.008152430555555557
410,41.68216556631522,2.6858619440386686,39.34178824398817,0.008152430555555557
411,41.699030794463894,2.884694085009829,39.382089885892604,0.008152430555555557
412,41.71559233417629,3.0812383340791225,39.42350685931327,0.008152430555555557
413,41.73187968815189,3.2757209978849655,39.46589251027818,0.008152430555555557
414,41.747917579999125,3.468329679535988,39.50912586228022,0.008152430555555557
415,41.76372696397294,3.6592218499602125,39.55310583773708,0.008152430555555557
416,41.77932577697404,3.8485311380739735,39.5977470387066,0.008152430555555557
417,41.79472950882342,4.036372038304201,39.64297660360791,0.008152430555555557
418,41.809951641678005,4.222843494889573,39.68873182388108,0.008152430555555557
419,41.82500399344606,4.408031672924747,39.73495830842441,0.008152430555555557
420,41.83989698959815,4.592012130032202,39.78160855009333,0.008152430555555557
421,41.85463988077185,4.774851539232191,39.82864079212122,0.008152430555555557
422,41.86924091878749,4.956609070927065,39.87601812154906,0.008152430555555557
423,41.8837075003668,5.137337512604487,39.92370773675006,0.008152430555555557
424,41.898046285490906,5.317084184357981,39.97168035007485,0.008152430555555557
425,41.912263295643044,5.495891693742578,40.0199096965183,0.008152430555555557
426,41.92636399594714,5.673798562960971,40.06837212641136,0.008152430555555557
427,41.930131657435275,5.078336808857132,40.04563766955049,0.008152430555555557
428,41.939850965110566,4.492889830035212,40.0212294316103,0.008152430555555557
429,41.95679311268667,3.9193365730866163,39.994778329049716,0.008152430555555557
430,41.98264740059819,3.3601791134725314,39.96579310612353,0.008152430555555557
431,42.019702766808656,2.8188160172372863,39.93360675764673,0.008152430555555557
432,42.07111968307749,2.2999544288638174,39.89729578056715,0.008152430555555557
433,42.08753411868401,2.5042234420262903,39.93362493321298,0.008152430555555557
434,42.10357292917882,2.7056154796400573,39.97145608480263,0.008152430555555557
435,42.11927907721463,2.9044684908603076,40.010567918714415,0.008152430555555557
436,42.1346876142437,3.101054427432796,40.05078335898329,0.008152430555555557
437,42.14982756642362,3.2955957968550136,40.09195828454218,0.008152430555555557
438,42.164723280697,3.4882772601913254,40.13397367092808,0.008152430555555557
439,42.179395408563494,3.679253970619049,40.176729971660485,0.008152430555555557
440,42.193861639928016,3.8686577035867957,40.220143008278285,0.008152430555555557
441,42.20813726040006,4.056601451686049,40.26414090364837,0.008152430555555557
442,42.222235581251354,4.243182927954408,40.30866175344753,0.008152430555555557
443,42.23616827581354,4.4284872775836055,40.35365183059551,0.008152430555555557
444,42.249945646002615,4.6125892053940944,40.39906418143389,0.008152430555555557
445,42.263576835882986,4.795554665288691,40.4448575145092,0.008152430555555557
446,42.277070004556286,4.977442216628493,40.490995311084134,0.008152430555555557
447,42.290432467431906,5.158304124069736,40.537445105874646,0.008152430555555557
448,42.30367081264799,5.338187257499525,40.58417790003137,0.008152430555555557
449,42.31679099776637,5.5171338345398615,40.63116767797675,0.008152430555555557
450,42.32979843066387,5.69518203785248,40.67839100661734,0.008152430555555557
451,42.33253372149613,5.099402610007341,40.65443297274641,0.008152430555555557
452,42.341183041028735,4.513579807193049,40.62881521782916,0.008152430555555557
453,42.35700514683752,3.9395740762277236,40.601172273351054,0.008152430555555557
454,42.38167166387858,3.379861125373721,40.57101803845419,0.008152430555555557
455,42.41744599071695,2.837801283416368,40.53769298578777,0.008152430555555557
456,42.46745132897326,2.318045614215423,40.500284581105866,0.008152430555555557
457,42.4827738462165,2.5222846518444784,40.53550310559125,0.008152430555555557
458,42.49772755040209,2.7236758580524802,40.572206226108435,0.008152430555555557
459,42.51235468222795,2.9225511800171273,40.61017667063462,0.008152430555555557
460,42.52668974445422,3.1191781087618136,40.649240351256005,0.008152430555555557
461,42.54076133705559,3.313775759452494,40.689255407181356,0.008152430555555557
462,42.55459346963819,3.506526162167207,40.730104558514235,0.008152430555555557
463,42.56820652222241,3.697582394652318,40.771689628918814,0.008152430555555557
464,42.58161796298961,3.8870745707417593,40.81392753244822,0.008152430555555557
465,42.59484289405249,4.075114335259204,40.85674727478874,0.008152430555555557
466,42.607894472995085,4.261798295325755,40.90008767345022,0.008152430555555557
467,42.62078424301835,4.447210679250997,40.94389559778755,0.008152430555555557
468,42.63352239474719,4.631425424615883,40.9881245916226,0.008152430555555557
469,42.646117976186304,4.814507837908924,41.03273378197439,0.008152430555555557
470,42.65857906281358,4.9965159280279074,41.07768700482383,0.008152430555555557
471,42.67091289666004,5.177501488354523,41.122952097660225,0.008152430555555557
472,42.68312600099624,5.357510982743796,41.16850032170902,0.008152430555555557
473,42.69522427564031,5.536586276966411,41.214305886084546,0.008152430555555557
474,42.70721307673046,5.714765247157516,41.26034555284466,0.008152430555555557
475,42.708987540731876,5.118696726444501,41.23521803511773,0.008152430555555557
476,42.716641958004146,4.53253208240051,41.20844367430512,0.008152430555555557
477,42.73142383425879,3.95811502529176,41.179660272083474,0.008152430555555557
478,42.75498881211091,3.397897424572506,41.14838638789047,0.008152430555555557
479,42.78957720861603,2.855205056758919,41.113969251293256,0.008152430555555557
480,42.83827854720413,2.3346383203039047,41.07550623747555,0.008152430555555557
481,42.85258399350012,2.5388531208339655,41.10965823729964,0.008152430555555557
482,42.86652683647612,2.7402463180369807,41.14527931399527,0.008152430555555557
483,42.88014866955703,2.93914448703255,41.18215581341405,0.008152430555555557
484,42.893483502734654,3.1358111188590625,41.22011632547744,0.008152430555555557
485,42.90655955268076,3.33046228192421,41.25902101823344,0.008152430555555557
486,42.91940052522269,3.5232776401129144,41.298754179846185,0.008152430555555557
487,42.93202655563697,3.7144084024009207,41.33921886693987,0.008152430555555557
488,42.94445491202091,3.9039831848955093,41.38033297769061,0.008152430555555557
489,42.95670053075431,4.092112416455145,41.42202631371864,0.008152430555555557
490,42.968776430502736,4.278891705604239,41.46423834382736,0.008152430555555557
491,42.98069403675815,4.464404452123638,41.50691647588486,0.008152430555555557
492,42.99246343941292,4.648723899814957,41.55001470314694,0.008152430555555557
493,43.0040935994741,4.831914769374633,41.59349253088471,0.008152430555555557
494,43.015592516643984,5.014034571345795,41.637314115848824,0.008152430555555557
495,43.02696736642856,5.195134672221897,41.6814475694312,0.008152430555555557
496,43.038224613262344,5.375261167886375,41.72586438821189,0.008152430555555557
497,43.04937010456643,5.554455605093719,41.7705389846974,0.008152430555555557
498,43.06040914951252,5.732755581937932,41.81544829763881,0.008152430555555557
499,43.061288425211444,5.1364230123453405,41.78920342351147,0.008152430555555557
500,43.06801666213331,4.549946283100535,41.761323542847435,0.008152430555555557
501,43.081831143419926,3.9751539001915925,41.731449427872775,0.008152430555555557
502,43.10437299966755,3.414476089558598,41.699103868914705,0.008152430555555557
503,43.13786159951577,2.871207272792634,41.663640226968674,0.008152430555555557
504,43.185355905331676,2.3499018808714265,41.62416486761473,0.008152430555555557
505,43.19871328997507,2.55409686563518,41.65729372433769,0.008152430555555557
506,43.21171375056615,2.755493963781521,41.69187775044566,0.008152430555555557
507,43.22439829727265,2.95441491702043,41.72770654503883,0.008152430555555557
508,43.23680049537254,3.151119611423186,41.764611110089064,0.008152430555555557
509,43.248948215160624,3.3458213655882902,41.80245344374065,0.008152430555555557
510,43.260864887637794,3.5386977051877353,41.84111925034739,0.008152430555555557
511,43.272570426442364,3.729898148660964,41.88051270125314,0.008152430555555557
512,43.284081918317554,3.91954995594842,41.920552585192574,0.008152430555555557
513,43.295414149306914,4.107762453943199,41.9611694246203,0.008152430555555557
514,43.306580011974674,4.29463034551023,42.00230327858998,0.008152430555555557
515,43.31759082489676,4.480236278498565,42.04390204330625,0.008152430555555557
516,43.32845658641684,4.664652866680015,42.0859201197976,0.008152430555555557
517,43.33918617843492,4.847944298484663,42.128317356682935,0.008152430555555557
518,43.34978753171746,5.030167631401612,42.17105820199888,0.008152430555555557
519,43.36026776122428,5.2113738436536545,42.21411101594996,0.008152430555555557
520,43.370633277819735,5.391608696290751,42.25744750897413,0.008152430555555557
521,43.38088988120027,5.570913445659264,42.30104227843803,0.008152430555555557
522,43.39104283774443,5.74932543664641,42.3448724237187,0.008152430555555557
523,43.391087340786235,5.152750950618314,42.31756033435015,0.008152430555555557
524,43.39695252085685,4.565988414736566,42.2886241497501,0.008152430555555557
525,43.40986634110444,3.9908524741771867,42.257707349995655,0.008152430555555557
526,43.43145670837892,3.429753634551286,42.22433658014449,0.008152430555555557
527,43.4639239107496,2.885957761716934,42.18787078504042,0.008152430555555557
528,43.51029907879608,2.3639774313913553,42.14742451622141,0.008152430555555557
529,43.522772146502874,2.5681560495173983,42.17957264755882,0.008152430555555557
530,43.534893498715775,2.7695583134840023,42.21316343303563,0.008152430555555557
531,43.546703617770106,2.9685015969159867,42.24798941023242,0.008152430555555557
532,43.55823566593082,3.1652425229969907,42.28388376315888,0.008152430555555557
533,43.569517199222325,3.3599919182079563,42.320710147696396,0.008152430555555557
534,43.580571399037034,3.5529253682078017,42.358355552438255,0.008152430555555557
535,43.59141797753108,3.744190856098619,42.39672516055323,0.008152430555555557
536,43.60207385645538,3.9339144090921336,42.43573856980066,0.008152430555555557
537,43.612553684984086,4.122204351647588,42.47532695794483,0.008152430555555557
538,43.622870240803984,4.309154562204305,42.51543092097186,0.008152430555555557
539,43.63303474503563,4.494847003699699,42.55599879955331,0.008152430555555557
540,43.64305711253237,4.679353715706975,42.59698536603494,0.008152430555555557
541,43.65294615301724,4.86273840130741,42.63835078181673,0.008152430555555557
542,43.662709734333276,5.04505770467543,42.68005976038397,0.008152430555555557
543,43.672354916153346,5.226362249664683,42.72208088875295,0.008152430555555557
544,43.68188806040807,5.4066974916027934,42.76438607235964,0.008152430555555557
545,43.69131492318532,5.586104421575683,42.80695007716395,0.008152430555555557
546,43.70064073174999,5.76462015310726,42.84975014905931,0.008152430555555557
547,43.699906217162074,5.167823451757429,42.82141900649518,0.008152430555555557
548,43.704966491412144,4.58079848557653,42.79147385210073,0.008152430555555557
549,43.717040995134965,4.005347225823738,42.759560641739405,0.008152430555555557
550,43.73774554883114,3.4438621554901765,42.72520954315846,0.008152430555555557
551,43.76926300812519,2.899583054152014,42.68778460198956,0.008152430555555557
552,43.814599079755226,2.3769842693735086,42.64640784619885,0.008152430555555557
553,43.82624680668284,2.5811492436686665,42.67761654337344,0.008152430555555557
554,43.837547606334,2.7825574804758837,42.71025659211654,0.008152430555555557
555,43.848541481612905,2.981522390854777,42.74412319436188,0.008152430555555557
556,43.8592612282645,3.178297633892935,42.77905151537924,0.008152430555555557
557,43.869734116191275,3.3730917694742786,42.814906718039325,0.008152430555555557
558,43.87998309932148,3.5660786169937335,42.851576959573315,0.008152430555555557
559,43.89002770605378,3.757404760470599,42.888968344696146,0.008152430555555557
560,43.899884707553134,3.9471951029009,42.92700120856153,0.008152430555555557
561,43.909568627995455,4.135557053909557,42.965607326613046,0.008152430555555557
562,43.91909214009372,4.322583739081252,43.004727784827345,0.008152430555555557
563,43.928466375869775,4.508356495546205,43.04431132968515,0.008152430555555557
564,43.93770117381079,4.692946837958979,43.084313072699494,0.008152430555555557
565,43.94680527759383,4.876418025497439,43.12469346107511,0.008152430555555557
566,43.95578649746216,5.0588263241515845,43.16541745092958,0.008152430555555557
567,43.96465184246189,5.240222033396054,43.206453836651306,0.008152430555555557
568,43.973407629700645,5.420650328604946,43.24777470200162,0.008152430555555557
569,43.982059575309826,5.600151957877387,43.289354967147105,0.008152430555555557
570,43.9906128707067,5.778763822731937,43.33117201201448,0.008152430555555557
571,43.989150904056125,5.181762550704817,43.30186802547427,0.008152430555555557
572,43.99345997178221,4.594496077276757,43.270959365220705,0.008152430555555557
573,44.004751701210694,4.0187547551902085,43.2380942565639,0.008152430555555557
574,44.02463083725531,3.4569145533058045,43.20280609492178,0.008152430555555557
575,44.05526426689619,2.912191357804017,43.16446359776589,0.008152430555555557
576,44.09963441138374,2.3890245083250865,43.12219563956125,0.008152430555555557
577,44.1105114380039,2.5931780125441954,43.15250496103505,0.008152430555555557
578,44.12104594816973,2.794592703455142,43.1842353953198,0.008152430555555557
579,44.13127750793557,2.9935783856323033,43.21718456815247,0.008152430555555557
580,44.14123857869459,3.190386016985263,43.251189449499854,0.008152430555555557
581,44.15095616908175,3.385222089604836,43.286116576412645,0.008152430555555557
582,44.16045302514281,3.5782588100286046,43.321855172753715,0.008152430555555557
583,44.16974850721297,3.7696414836613275,43.358312185013354,0.008152430555555557
584,44.17885924864196,3.959493985341522,43.395408622371086,0.008152430555555557
585,44.187799659141795,4.1479228874897,43.4330768069125,0.008152430555555557
586,44.19658231524897,4.3350206263238835,43.47125827299414,0.008152430555555557
587,44.20521826731561,4.520867965643207,43.50990213861027,0.008152430555555557
588,44.21371728380099,4.705535938972606,43.54896382589777,0.008152430555555557
589,44.22208804779539,4.889087398441388,43.588404043901186,0.008152430555555557
590,44.23033831668536,5.071578263115893,43.62818797108825,0.008152430555555557
591,44.23847505304497,5.2530585347955245,43.66828459193073,0.008152430555555557
592,44.24650453282588,5.43357313185955,43.70866615368052,0.008152430555555557
593,44.25443243546256,5.613162579276129,43.74930771790511,0.008152430555555557
594,44.26226391944159,5.7918635838241155,43.79018678744891,0.008152430555555557
595,44.260122277553975,5.1946736265065985,43.75995425268897,0.008152430555555557
596,44.263729826236,4.607184471465103,43.72812570797498,0.008152430555555557
597,44.27429101372444,4.031175796642481,43.69435146357108,0.008152430555555557
598,44.29340041261944,3.469008404671328,43.65816787896528,0.008152430555555557
599,44.32321024868118,2.9238762466404427,43.6189479604172,0.008152430555555557
600,44.36668156730243,2.4001865293950155,43.57582686647467,0.008152430555555557
601,44.376838579116715,2.604330317440868,43.60527557220553,0.008152430555555557
602,44.386657144891096,2.805751711821202,43.63613609096469,0.008152430555555557
603,44.396176431532034,3.0047572253404984,43.668208259818414,0.008152430555555557
604,44.405428594614264,3.20159534756379,43.701330697163826,0.008152430555555557
605,44.414440403585665,3.396470679141852,43.73537119648845,0.008152430555555557
606,44.42323441402976,3.589553950037257,43.77021995772005,0.008152430555555557
607,44.43182983219703,3.7809892941988883,43.80578469820892,0.008152430555555557
608,44.44024316500904,3.97089964385075,43.84198704476367,0.008152430555555557
609,44.44848871711581,4.159390803411505,43.87875982064506,0.008152430555555557
610,44.456578976735685,4.3465545763803055,43.91604497148837,0.008152430555555557
611,44.4645249191926,4.53247120008651,43.953791956199154,0.008152430555555557
612,44.4723362485883,4.717211266058811,43.99195648205143,0.008152430555555557
613,44.48002159231359,4.900837252337377,44.03049949851766,0.008152430555555557
614,44.48758865914713,5.0834047590394125,44.069386388285366,0.008152430555555557
615,44.49504436891467,5.264963514199973,44.1085863104472,0.008152430555555557
616,44.50239495970012,5.4455581997723765,44.14807166247278,0.008152430555555557
617,44.50964607716551,5.625229135392042,44.187817635868676,0.008152430555555557
618,44.51680284948478,5.804012848582186,44.22780184644498,0.008152430555555557
619,44.51402586568863,5.206648571234262,44.19668319395936,0.008152430555555557
620,44.51697794767903,4.618953749048367,44.163976582418634,0.008152430555555557
621,44.52685693449466,4.042698233083475,44.129334241288305,0.008152430555555557
622,44.545248037548554,3.4802288700007247,44.092295257454325,0.008152430555555557
623,44.57428999482067,2.9347194331474906,44.05223658222825,0.008152430555555557
624,44.61692418950199,2.410547576098567,44.008299153653795,0.008152430555555557
625,44.626408254141076,2.6146830771941336,44.03692466872621,0.008152430555555557
626,44.63555763488508,2.8161112596197606,44.06695353025224,0.008152430555555557
627,44.64441113305967,3.01513562414759,44.09818759787995,0.008152430555555557
628,44.65300062386784,3.2120023993341977,44.130466999362184,0.008152430555555557
629,44.661352657291424,3.4069144516788636,44.16366067966722,0.008152430555555557
630,44.669489614029835,3.6000411562852332,44.197659733946644,0.008152430555555557
631,44.677430558763234,3.791525571466625,44.23237258703555,0.008152430555555557
632,44.685191882189336,3.9814897634058988,44.267721432919075,0.008152430555555557
633,44.69278779232946,4.170038830525134,44.30363955532103,0.008152430555555557
634,44.70023069613789,4.3572639944042635,44.34006927790822,0.008152430555555557
635,44.707531499876445,4.5432450079591,44.37696037305439,0.008152430555555557
636,44.714699848386616,4.72805205586767,44.41426881030027,0.008152430555555557
637,44.72174431775537,4.911747271700985,44.451955760321994,0.008152430555555557
638,44.72867257197702,5.094385961782359,44.489986793740464,0.008152430555555557
639,44.735491491481795,5.276017601895555,44.528331230374015,0.008152430555555557
640,44.742207279448046,5.4566866560838285,44.56696160597759,0.008152430555555557
641,44.74882555040082,5.636433254679377,44.605853231689274,0.008152430555555557
642,44.75535140456154,5.815293759901473,44.64498382733231,0.008152430555555557
643,44.75198026947474,5.217768202713317,44.613019676381484,0.008152430555555557
644,44.75431962835046,4.629883150115101,44.579475058204196,0.008152430555555557
645,44.76356122524816,4.053399391298883,44.54400397192895,0.008152430555555557
646,44.78128164183296,3.4906509081936345,44.506148018450546,0.008152430555555557
647,44.809607185938006,2.944792880099652,44.465287784370545,0.008152430555555557
648,44.85146112283114,2.4201757314270647,44.420569532608326,0.008152430555555557
649,44.86031599027868,2.624304120960597,44.44840793229559,0.008152430555555557
650,44.86883965584575,2.8257390594666427,44.4776419546472,0.008152430555555557
651,44.87707058530771,3.0247812855657266,44.508075313386804,0.008152430555555557
652,44.88504039629757,3.2216749523302095,44.53954952124649,0.008152430555555557
653,44.892775437025506,3.4166213330566153,44.571934580673606,0.008152430555555557
654,44.90029792730113,3.609788557200952,44.605122409546894,0.008152430555555557
655,44.9076268014877,3.8013186935134895,44.639022083290314,0.008152430555555557
656,44.91477834324415,3.9913330109879377,44.67355631772726,0.008152430555555557
657,44.92176667155949,4.179935957852206,44.7086588204287,0.008152430555555557
658,44.928604118482994,4.36721821952154,44.74427226316799,0.008152430555555557
659,44.93530152659633,4.553259102404959,44.78034670706997,0.008152430555555557
660,44.9418684860816,4.738128416028736,44.816838363331996,0.008152430555555557
661,44.948313525691454,4.921887976226195,44.85370860650044,0.008152430555555557
662,44.954644268090675,5.104592818241608,44.890923180438676,0.008152430555555557
663,44.96086755734498,5.286292185043548,44.92845155315143,0.008152430555555557
664,44.966989564405694,5.467030339501516,44.9662663879072,0.008152430555555557
665,44.97301587504516,5.6468472371400305,45.00434310616799,0.008152430555555557
666,44.97895156366855,5.825779087496425,45.04265952368451,0.008152430555555557
667,44.97502458977378,5.228104126729532,45.00988873999819,0.008152430555555557
668,44.97679094595488,4.640042895488988,44.97554446925165,0.008152430555555557
669,44.985436746960524,4.063347813830045,44.93928234483636,0.008152430555555557
670,45.002530606702834,3.5003409864845967,44.90064628855367,0.008152430555555557
671,45.03018735963654,2.9541604311762484,44.85902024211777,0.008152430555555557
672,45.07131354987009,2.4291314448633714,44.813555382209344,0.008152430555555557
673,45.07957992120631,2.633253697674108,44.84064139273646,0.008152430555555557
674,45.08751831735056,2.8346952786151274,44.86911596700108,0.008152430555555557
675,45.095166895508726,3.0337543883371496,44.89878452170746,0.008152430555555557
676,45.10255703625967,3.2306732711386905,44.9294898428617,0.008152430555555557
677,45.1097149019827,3.4256517339429062,44.96110290584879,0.008152430555555557
678,45.116662564218544,3.6188567589466887,44.993516385996806,0.008152430555555557
679,45.123418837172764,3.8104295029614277,45.02663995803507,0.008152430555555557
680,45.129999905763896,4.000490499943285,45.06039681872235,0.008152430555555557
681,45.13641980681759,4.1891435983398395,45.09472106641723,0.008152430555555557
682,45.142690803231936,4.376478988768642,45.129555693962395,0.008152430555555557
683,45.14882367878067,4.562575565427019,45.16485102888826,0.008152430555555557
684,45.15482797315434,4.747502791385974,45.200563505406286,0.008152430555555557
685,45.16071217136919,4.9313221889542875,45.23665468624664,0.008152430555555557
686,45.16648385789295,5.114088542882898,45.27309047521494,0.008152430555555557
687,45.172149843175816,5.295850880948028,45.30984047714559,0.008152430555555557
688,45.17771626837334,5.476653280027292,45.34687747306206,0.008152430555555557
689,45.183188692669226,5.656535533992244,45.3841769863157,0.008152430555555557
690,45.1885721665919,5.835533711157337,45.42171692125551,0.008152430555555557
691,45.1841250228708,5.237720193829434,45.38817667685477,0.008152430555555557
692,45.18535532577342,4.64949561181612,45.35306945596032,0.008152430555555557
693,45.19344398377872,4.072604645305366,45.31605240323754,0.008152430555555557
694,45.20995224411252,3.5093584183924014,45.276671586087616,0.008152430555555557
695,45.23698433617178,2.9628790871103865,45.23431404709813,0.008152430555555557
696,45.2774313503278,2.4374687277316025,45.188135503733385,0.008152430555555557
697,45.285147119366265,2.6415856586017914,45.21450251455893,0.008152430555555557
698,45.29253790656815,2.8430337119435536,45.24225162743087,0.008152430555555557
699,45.29964158490111,3.04210875233565,45.27118982602767,0.008152430555555557
700,45.30648931641644,3.2390512656663035,45.30116106892826,0.008152430555555557
701,45.313107092074645,3.434059707025259,45.33203722814303,0.008152430555555557
702,45.319516846569705,3.627300000304429,45.363711677461126,0.008152430555555557
703,45.32573728315174,3.8189124606259797,45.39609464452987,0.008152430555555557
704,45.33178449552185,4.0090169432043945,45.42910977001535,0.008152430555555557
705,45.33767244457363,4.19771674240635,45.46269151311356,0.008152430555555557
706,45.34341332927684,4.385101591576554,45.4967831632265,0.008152430555555557
707,45.34901787902291,4.57125000383009,45.531335294021986,0.008152430555555557
708,45.3544955867979,4.756231121845245,45.56630454580733,0.008152430555555557
709,45.359854897152566,4.940106196408747,45.601652655255464,0.008152430555555557
710,45.365103359206756,5.122929780493535,45.63734567403408,0.008152430555555557
711,45.370247752296606,5.3047507027124094,45.67335333348972,0.008152430555555557
712,45.37529418999413,5.485612867765594,45.70964852353189,0.008152430555555557
713,45.38024820686479,5.665555919846484,45.74620686173429,0.008152430555555557
714,45.38511483132674,5.844615796481701,45.783006334380445,0.008152430555555557
715,45.380180752798104,5.246673654141957,45.74873216839266,0.008152430555555557
716,45.38090940510722,4.658297461321043,45.71289710441543,0.008152430555555557
717,45.388476875855204,4.08122473156505,45.67515968635932,0.008152430555555557
718,45.4044375928725,3.5177564246078687,45.63506796762333,0.008152430555555557
719,45.43088597079549,2.9710000177408116,45.59201186030526,0.008152430555555557
720,45.47069879959772,2.445236101407209,45.54515128330457,0.008152430555555557
721,45.477899271000936,2.649348396145953,45.570831367837826,0.008152430555555557
722,45.4847775401911,2.850802713876488,45.5978876309039,0.008152430555555557
723,45.49137121791272,3.049892765553508,45.62612850031181,0.008152430555555557
724,45.497711264473274,3.2468574147228595,45.655399016129,0.008152430555555557
725,45.503823512485305,3.4418938684155034,45.68557187788489,0.008152430555555557
726,45.509729770164945,3.6351670728960297,45.716541104355215,0.008152430555555557
727,45.51544863816779,3.826816565369186,45.74821743401714,0.008152430555555557
728,45.52099612581756,4.016961573454042,45.78052491782105,0.008152430555555557
729,45.52638612374485,4.205704878985598,45.81339834858596,0.008152430555555557
730,45.53163077174594,4.393135792174971,45.84678128998888,0.008152430555555557
731,45.5367407488607,4.579332473392598,45.88062454339744,0.008152430555555557
732,45.5417255048218,4.7643637686620846,45.91488493981778,0.008152430555555557
733,45.54659344669636,4.948290677298014,45.949524376899234,0.008152430555555557
734,45.551352090854635,5.131167537557627,45.98450904316955,0.008152430555555557
735,45.55600818780064,5.313042993509648,46.019808787086994,0.008152430555555557
736,45.560567825541774,5.493960790281594,46.055396599365416,0.008152430555555557
737,45.56503651582403,5.673960433318716,46.091248184812024,0.008152430555555557
738,45.56941926656831,5.853077738887814,46.12734160556986,0.008152430555555557
739,45.564029242528754,5.255016084657396,46.09236748521678,0.008152430555555557
740,45.564288300948434,4.6664990490250196,46.055838146986765,0.008152430555555557
741,45.57136806051488,4.089257502365393,46.0174134317367,0.008152430555555557
742,45.586816629240275,3.5255829851008356,45.976643233193265,0.008152430555555557
743,45.612719328107275,2.9785693750462534,45.93292012188434,0.008152430555555557
744,45.65193969887702,2.4524773592811955,45.8854079086081,0.008152430555555557
745,45.658657785723186,2.656585598825919,45.91043185106432,0.008152430555555557
746,45.665056253797474,2.8580459483894853,45.93682653485699,0.008152430555555557
747,45.67117247159898,3.0571501306746587,45.96440172063047,0.008152430555555557
748,45.67703721294043,3.254135510378916,45.99300344731117,0.008152430555555557
749,45.682676163973774,3.4491981407650063,46.022505179185,0.008152430555555557
750,45.688111015876174,3.6425020638461203,46.05280153140279,0.008152430555555557
751,45.69336027432493,3.834186096959473,46.08380371497837,0.008152430555555557
752,45.69843987050185,4.024368886721198,46.11543616053283,0.008152430555555557
753,45.70336362994594,4.213152740310184,46.14763396971407,0.008152430555555557
754,45.708143637619166,4.4006265759437415,46.18034096016007,0.008152430555555557
755,45.71279052589051,4.586868227109843,46.21350814412313,0.008152430555555557
756,45.71731370439169,4.771946264852658,46.24709252925962,0.008152430555555557
757,45.72172154543129,4.955921455330779,46.28105616236051,0.008152430555555557
758,45.72602153500504,5.1388479376792295,46.31536535876799,0.008152430555555557
759,45.73022039687169,5.320774184788827,46.34999007546703,0.008152430555555557
760,45.734324195320795,5.501743793742777,46.384903396592705,0.008152430555555557
761,45.738338420924926,5.681796141238459,46.42008110780018,0.008152430555555557
762,45.742268062583335,5.860966931003182,46.45550134154027,0.008152430555555557
763,45.73645100657468,5.262794143061533,46.41985972270123,0.008152430555555557
764,45.736270362505216,4.674146160332808,46.382668198043746,0.008152430555555557
765,45.74289360229543,4.096747689113816,46.34358781174981,0.008152430555555557
766,45.7578629711841,3.53288153208122,46.302170164620485,0.008152430555555557
767,45.78325535596196,2.98562895447697,46.257810292602485,0.008152430555555557
768,45.82192201225443,2.4592321867591416,46.209675615406525,0.008152430555555557
769,45.82818841554269,2.663336866047247,46.23407294207543,0.008152430555555557
770,45.83413760309346,2.8648030001582225,46.2598360134367,0.008152430555555557
771,45.83980671933764,3.063920473845387,46.286775821861674,0.008152430555555557
772,45.845226365483335,3.2609252653353717,46.31473932997669,0.008152430555555557
773,45.85042209206016,3.4560123600156216,46.34360070967636,0.008152430555555557
774,45.8554154818188,3.649344962549878,46.373255128183544,0.008152430555555557
775,45.860224952413695,3.8410612233783272,46.40361423412282,0.008152430555555557
776,45.86486636258219,4.031279250660003,46.4346028098453,0.008152430555555557
777,45.86935347749949,4.220100911525625,46.4661562431853,0.008152430555555557
778,45.873698331262695,4.407614760668181,46.498218587180965,0.008152430555555557
779,45.877911512937814,4.593898328349884,46.530741049597864,0.008152430555555557
780,45.882002394942006,4.779019930471633,46.56368080189603,0.008152430555555557
781,45.88597931732053,4.963040116805349,46.59700002918143,0.008152430555555557
782,45.889849737870996,5.146012841646145,46.63066516441853,0.008152430555555557
783,45.893620355519005,5.3279864189536745,46.66464626526085,0.008152430555555557
784,45.89729721252935,5.50900430833346,46.698916502505796,0.008152430555555557
785,45.90088577980972,5.689105766903891,46.73345173680941,0.008152430555555557
786,45.9043910285917,5.868326393850584,46.768230165846255,0.008152430555555557
787,45.89817393253463,5.270050187819333,46.731952052763056,0.008152430555555557
788,45.89758147544399,4.681280367809629,46.69412900530849,0.008152430555555557
789,45.90377727791336,4.1037359153897475,46.65442318513997,0.008152430555555557
790,45.918298141381634,3.539691520237971,46.61238777799338,0.008152430555555557
791,45.943213122758095,2.9922167393066195,46.56742010838466,0.008152430555555557
792,45.98136207300639,2.4655366717943794,46.518690945695994,0.008152430555555557
793,45.98720544519918,2.6696382146817417,46.54248995931485,0.008152430555555557
794,45.99273383851431,2.871109878491722,46.56765012097222,0.008152430555555557
795,45.997984189892804,3.070239846969185,46.59398356268462,0.008152430555555557
796,46.002986940619174,3.2672628143742872,46.62133810225078,0.008152430555555557
797,46.00776751550478,3.462372776642691,46.64958856701755,0.008152430555555557
798,46.012347396750336,3.655732162224858,46.678630635812695,0.008152430555555557
799,46.01674492035196,3.8474785031056244,46.70837636294571,0.008152430555555557
800,46.02097587781956,4.037729407921028,46.7387508569419,0.008152430555555557
801,46.025053978296064,4.226586335442516,46.769689771099785,0.008152430555555557
802,46.02899120865172,4.4141375029208385,46.80113737686348,0.008152430555555557
803,46.03279811773823,4.600460159075806,46.83304506343205,0.008152430555555557
804,46.03648404340537,4.785622382854637,46.86537015429681,0.008152430555555557
805,46.040057295725305,4.969684523026061,46.89807496295527,0.008152430555555557
806,46.04352530629466,5.152700362152173,46.931126031566194,0.008152430555555557
807,46.04689475096195,5.33471806650428,46.96449351124543,0.008152430555555557
808,46.050171651521566,5.515780967913666,46.998150653252424,0.008152430555555557
809,46.0533614606025,5.695928212342222,47.03207338788031,0.008152430555555557
810,46.05646913301206,5.875195301782708,47.066239973362485,0.008152430555555557
811,46.049877207501126,5.276822793919255,47.02935497717283,0.008152430555555557
812,46.048898973243666,4.687939535912412,46.99092970235841,0.008152430555555557
813,46.05469447093704,4.110259188225449,46.95062734918783,0.008152430555555557
814,46.06879544298976,3.546048901243479,46.90800257617517,0.008152430555555557
815,46.09326367121565,2.998367353731521,46.86245483406726,0.008152430555555557
816,46.13092841102328,2.471423730033874,46.813158003991674,0.008152430555555557
817,46.13637550541274,2.6755225011976496,46.8363858202282,0.008152430555555557
818,46.14150970449037,2.8769994375178394,46.86097055174671,0.008152430555555557
819,46.14636775285997,3.076141146775047,46.88672538616071,0.008152430555555557
820,46.15097994348442,3.273181132962237,46.913498933824755,0.008152430555555557
821,46.15537158452524,3.468312474316073,46.941166629837,0.008152430555555557
822,46.159564064850144,3.661696879054362,46.96962462759054,0.008152430555555557
823,46.16357564463293,3.8534713050943195,46.998785357838955,0.008152430555555557
824,46.167422052942136,4.043752897247,47.028574231860546,0.008152430555555557
825,46.171116946863926,4.232642734995669,47.05892714941795,0.008152430555555557
826,46.17467226938243,4.420228722088363,47.0897885847714,0.008152430555555557
827,46.17809853197205,4.6065878456135305,47.121110095632964,0.008152430555555557
828,46.181405040348146,4.791787964274449,47.15284914671831,0.008152430555555557
829,46.18460007671473,4.97588923997398,47.18496817080411,0.008152430555555557
830,46.187691048303925,5.158945295590583,47.217433811502154,0.008152430555555557
831,46.19068460950183,5.341004160046163,47.250216306770014,0.008152430555555557
832,46.19358676306281,5.522109046323895,47.28328898263269,0.008152430555555557
833,46.19640294461236,5.702298996979101,47.31662783409085,0.008152430555555557
834,46.199138093678144,5.881609423575503,47.35021117564909,0.008152430555555557
835,46.192194896089795,5.283147186284434,47.31274757152375,0.008152430555555557
836,46.19085520202393,4.6941582451976815,47.27374805150287,0.008152430555555557
837,46.196275722058246,4.116351311076994,47.23287678190169,0.008152430555555557
838,46.209983493508105,3.5519865227145533,47.18968979085359,0.008152430555555557
839,46.23403353325753,3.0041124439639386,47.143588506070984,0.008152430555555557
840,46.27124524507704,2.476923462588039,47.09374970169735,0.008152430555555557
