time,ammonia,nitrite,nitrate,COD
1,31.452788435310698,1.4134788161936054,19.309152644489917,42.78548049253782
2,31.413638136153736,1.5287605166605107,19.32095752915606,41.315734972539246
3,31.372878904564978,1.6371454961342002,19.334950287772358,39.84158994299629
4,31.330762553608626,1.7396183595597263,19.350783981302015,38.36367466441647
5,31.287486631216353,1.8369461522539459,19.368191380289854,36.88248149474165
6,31.243209576382235,1.9297404324183032,19.386961507350573,35.39840435385863
7,31.19806081698228,2.01849824645916,19.406924362441437,33.91176429903094
8,31.152147734665245,2.1036301674986113,19.427940594185195,32.422827132254
9,31.105560610761646,2.185480068287485,19.449894291860222,30.93181588150093
10,31.058376226757208,2.2643394272071755,19.472687818610478,29.43891987145773
11,31.010660542103402,2.340457910024443,19.496238021484487,27.944301458967853
12,30.962470723385117,2.4140513489364994,19.520473395131155,26.448101129102916
13,30.913856707474032,2.485307861666738,19.545331921512037,24.950441415049582
14,30.864862423397,2.5543926150114262,19.57075939868398,23.451429957754872
15,30.81552675996877,2.621451583044085,19.596708129859636,21.951161925559145
16,30.765884341122817,2.6866145479708705,19.623135882192592,20.449721950323205
17,30.71596615377467,2.7499975223811592,19.650005050446694,18.947185693217193
18,30.665800061182477,2.811704723794732,19.677281978355154,17.443621123289304
19,30.736982222197323,2.126078202660476,19.694594664406267,15.900726556153668
20,30.833778080482848,1.495416145751139,19.70517257814564,14.39125649923384
21,30.968624046036364,0.9456634113303743,19.70578279224724,12.93160006424384
22,31.15918680957082,0.5138022402146588,19.691832687548505,11.545257865363514
23,31.421431591439244,0.23350170523054664,19.659172245106593,10.253957875979674
24,31.75080912370402,0.09564166792445176,19.608985307021108,9.05258664716004
25,31.75577918796466,0.40341024275307896,19.5460888081253,7.698478084200114
26,31.7432165363225,0.6320823034684103,19.51674337170355,6.299091041200222
27,31.721529269238648,0.8219824972431476,19.50226996990381,4.8761701366690575
28,31.693988118800288,0.987498516150607,19.49665842252886,3.4380952590971834
29,31.662290146725493,1.1357977246997593,19.49707444797517,1.9891878638311695
30,31.627454649538247,1.2710771197579012,19.50191753802839,0.5320311500806547
31,31.590076974991835,1.4097705160716805,19.554670377459793,0.006096875
32,31.550376948124377,1.5489603513401202,19.635829331733063,0.006096875
33,31.50872800781819,1.6822500817382309,19.71954277187516,0.006096875
34,31.465435553612327,1.8104970787421606,19.805373664805675,0.006096875
35,31.420738484756782,1.934363832134076,19.892987544064958,0.006096875
36,31.374827960270444,2.0543749471646175,19.982121768664932,0.006096875
37,31.327859834909052,2.170954326552236,20.072565688950117,0.006096875
38,31.27996320241427,2.28445036419679,20.164147335838216,0.006096875
39,31.231246442520597,2.395153564673262,20.25672419025825,0.006096875
40,31.18180161117788,2.5033092004251603,20.350176602029197,0.006096875
41,31.131707698381447,2.609126615933412,20.4444029847534,0.006096875
42,31.081033092144562,2.712786205174309,20.539316234293768,0.006096875
43,31.150870590042437,2.2427694168648786,20.54783588159077,0.006096875
44,31.23692397874838,1.797516716975464,20.5516737470177,0.006096875
45,31.344088388148915,1.38422335346055,20.5494195713901,0.006096875
46,31.478918730664805,1.0125875994765476,20.53917318144702,0.006096875
47,31.64956308741594,0.6947890674272442,20.51854943938395,0.006096875
48,31.864302173468182,0.44344004869933035,20.485080632558912,0.006096875
49,31.849750281788175,0.6602119784072452,20.5251985474263,0.006096875
50,31.826719593861824,0.8506155193910547,20.579165976732536,0.006096875
51,31.79793151496396,1.0236240399526972,20.64187073101258,0.006096875
52,31.76491237125027,1.1840049202266552,20.71069032469204,0.006096875
53,31.728624293662996,1.334656610357588,20.784069189231563,0.006096875
54,31.68972175629957,1.477499346704322,20.86099585473164,0.006096875
55,31.648674644079126,1.6138839453968934,20.940769307911715,0.006096875
56,31.60583422429966,1.7448038405737825,21.022880289586613,0.006096875
57,31.561471478725533,1.8710151477338142,21.10694520079518,0.006096875
58,31.51580078818946,1.9931093090614405,21.192666668171178,0.006096875
59,31.46899529562395,2.11155939783623,21.279808705910423,0.006096875
60,31.42119727247351,2.22675090115042,21.36818037302037,0.006096875
61,31.3725253463159,2.3390029073253475,21.457624625934702,0.006096875
62,31.323079681146407,2.448583121045112,21.548010481528454,0.006096875
63,31.272945779009735,2.555718772600424,21.639227363737806,0.006096875
64,31.222197327518806,2.6606047162404534,21.731180933787872,0.006096875
65,31.170898371196948,2.763409555707161,21.82378995457776,0.006096875
66,31.119104993531174,2.864280354678773,21.916983892250897,0.006096875
67,31.184529363583348,2.3877198785764304,21.923811045282395,0.006096875
68,31.264922581705356,1.9340960048562337,21.92632039348893,0.006096875
69,31.364723926137895,1.509923603044372,21.92323471808382,0.006096875
70,31.48994034419411,1.1240694352827036,21.912816284471177,0.006096875
71,31.64828142340016,0.788014134053793,21.89281606272095,0.006096875
72,31.84828019995234,0.5146577303652887,21.860708716140742,0.006096875
73,31.83071004258712,0.7218229637829865,21.903083608846917,0.006096875
74,31.805707536727894,0.9061399363610407,21.9572843282216,0.006096875
75,31.775508924913783,1.074838350414797,22.01924301137525,0.006096875
76,31.741423073576218,1.231954872677243,22.08675787648552,0.006096875
77,31.70429752063137,1.3800197047386271,22.15847951520197,0.006096875
78,31.664719648244258,1.5207443817874058,22.233510826680817,0.006096875
79,31.62311701617476,1.6553513257978192,22.31121996779192,0.006096875
80,31.579812655201405,1.7847500257561384,22.391142271366597,0.006096875
81,31.535057870812825,1.909639069016725,22.47292433618003,0.006096875
82,31.489052844972598,2.03056896595627,22.556290055465364,0.006096875
83,31.441960176113675,2.1479827599924786,22.64101890597851,0.006096875
84,31.393914114850944,2.2622433370080257,22.726931491375133,0.006096875
85,31.345027062014825,2.3736524037352615,22.813879582662715,0.006096875
86,31.29539426218783,2.482464047633134,22.901739056924253,0.006096875
87,31.245097271189728,2.5888946582295485,22.990404766420692,0.006096875
88,31.194206568463418,2.6931303372190367,23.079786730260153,0.006096875
89,31.14278355933807,2.7953325335258734,23.169807254708044,0.006096875
90,31.09088213315727,2.8956423971851755,23.260398719721668,0.006096875
91,31.15551434510862,2.4178364238277212,23.264621198635634,0.006096875
92,31.23487223349125,1.9626111014286778,23.264601258759377,0.006096875
93,31.333305044234745,1.536347254698184,23.2590877748955,0.006096875
94,31.45670731178674,1.1477418744788648,23.24637602031778,0.006096875
95,31.61268510082546,0.8081134762799466,23.22424834149514,0.006096875
96,31.809779510966635,0.5303573388258652,23.19017979302823,0.006096875
97,31.791689434857865,0.7355349142784506,23.23080510852636,0.006096875
98,31.76637513064532,0.9185548507970829,23.28286791817195,0.006096875
99,31.73597987161933,1.0863180644859396,23.34249535220305,0.006096875
100,31.70176920187334,1.2427170965753962,23.407568020080877,0.006096875
101,31.66456727487611,1.3902075171965997,23.476778053009603,0.006096875
102,31.62494755435692,1.5304577815846927,23.54925183594552,0.006096875
103,31.583328713373074,1.6646634538408454,23.62437192308118,0.006096875
104,31.540027799477116,1.793716284728077,23.70168302213912,0.006096875
105,31.4952919186242,1.9183026085620178,23.780838128928682,0.006096875
106,31.449318204619747,2.0389641615698584,23.861565668002118,0.006096875
107,31.40226698141315,2.156137515990155,23.943648425376335,0.006096875
108,31.354270762608145,2.2701806658961328,24.026909483648385,0.006096875
109,31.305440596031357,2.3813915419689615,24.111202511010294,0.006096875
110,31.25587065428322,2.490021264046962,24.19640486332657,0.006096875
111,31.205641631168557,2.5962838527162977,24.28241256386324,0.006096875
112,31.154823303863687,2.700363492594959,24.36913657184667,0.006096875
113,31.103476498930473,2.8024200623425184,24.45649995744139,0.006096875
114,31.051654623785996,2.9025934118920427,24.544435727938005,0.006096875
115,31.1161814682476,2.424548343401979,24.545995515902803,0.006096875
116,31.195379315293064,1.969004044024332,24.543333909095978,0.006096875
117,31.293576815778508,1.5423107275841246,24.535205640868927,0.006096875
118,31.416642323151432,1.1531259404914214,24.51991351599093,0.006096875
119,31.57215652213715,0.8127287047769495,24.495247340867348,0.006096875
120,31.768658269690317,0.5340072070785826,24.458683194501468,0.006096875
121,31.750548354679776,0.7387184852108846,24.49687869747763,0.006096875
122,31.725261551413475,0.9214294353268854,24.546428040295712,0.006096875
123,31.69492005483265,1.0889666631171473,24.603502232843066,0.006096875
124,31.660779509742834,1.245189829594351,24.666000591347192,0.006096875
125,31.62365870069132,1.392537379773997,24.732624724897892,0.006096875
126,31.584127885844918,1.5326678442374657,24.80250639154535,0.006096875
127,31.54260368725199,1.666770581660933,24.87503144322981,0.006096875
128,31.499401769608347,1.7957332354557518,24.949746735014962,0.006096875
129,31.454768267371456,1.9202392979065872,25.026306726405178,0.006096875
130,31.40889960882176,2.040828467459594,25.104440876582483,0.006096875
131,31.361955591332887,2.1579358119291676,25.183932724779364,0.006096875
132,31.314068326369902,2.2719181872940166,25.264605915407504,0.006096875
133,31.265348548592737,2.383072645275025,25.346314544264565,0.006096875
134,31.215890182581063,2.4916496147214557,25.428936298240114,0.006096875
135,31.16577372281187,2.5978625645711046,25.512367460550887,0.006096875
136,31.115068784189358,2.7018952330577344,25.59651919704094,0.006096875
137,31.063836059653966,2.8039071333125953,25.681314743781698,0.006096875
138,31.012128845468123,2.9040378127715205,25.766687242420637,0.006096875
139,31.076698760496058,2.425973130423317,25.765676902503625,0.006096875
140,31.155926998023507,1.9703908291990402,25.76045388724017,0.006096875
141,31.25413715206616,1.5436336403928406,25.749774276652555,0.006096875
142,31.377190878960526,1.1543490748196388,25.731942675875274,0.006096875
143,31.532661726543957,0.8138051721202499,25.704750814253224,0.006096875
144,31.72908593558281,0.5348853403116103,25.665675413608334,0.006096875
145,31.71106294975172,0.7394732976367857,25.701390215133156,0.006096875
146,31.685874468295314,0.9220994018184585,25.748442680836334,0.006096875
147,31.655637524339102,1.0895720683747725,25.803014461522913,0.006096875
148,31.621605336306246,1.2457428908759405,25.86300940401435,0.006096875
149,31.58459537299473,1.3930461063034747,25.927131405989577,0.006096875
150,31.545177107678718,1.5331378040590304,25.994513516983854,0.006096875
151,31.503766660930808,1.667205815419635,26.064542376575826,0.006096875
152,31.460679359982592,1.7961367723954595,26.136765348408076,0.006096875
153,31.41616110276873,1.9206134673268926,26.210837234898076,0.006096875
154,31.370408146272723,2.0411750968293254,26.2864877342876,0.006096875
155,31.32358016041916,2.1582563583593437,26.363500556840222,0.006096875
156,31.27580915968279,2.272213827895444,26.441699471793797,0.006096875
157,31.22720580348426,2.383344341113432,26.52093866742163,0.006096875
158,31.17786395706759,2.491898157235501,26.601095899845898,0.006096875
159,31.12786406744218,2.598088609999943,26.682067504440884,0.006096875
160,31.07727571106061,2.702099328462319,26.763764686419496,0.006096875
161,31.026159549369247,2.804089736572946,26.846110711480044,0.006096875
162,30.974568852580845,2.904199308182555,26.929038743364053,0.006096875
163,31.039212134636198,2.4261622895311525,26.92557808613185,0.006096875
164,31.118510963809584,1.9706037659664621,26.91791038847146,0.006096875
165,31.21678758106772,1.5438644939592423,26.90479201321677,0.006096875
166,31.339901630928615,1.1545890116839423,26.884528004212928,0.006096875
167,31.49542401718841,0.8140413764022628,26.854910674446245,0.006096875
168,31.6918886161555,0.5351012686558428,26.813417226059794,0.006096875
169,31.67397186595716,0.739647223914332,26.846734489761282,0.006096875
170,31.6488925030462,0.9222416521820802,26.891388983128227,0.006096875
171,31.61876616343171,1.0896880466998164,26.943565152094894,0.006096875
172,31.584845410564753,1.2458358157797926,27.001168019565267,0.006096875
173,31.54794735955342,1.393118055796631,27.062902068309008,0.006096875
174,31.5086412738499,1.533190194210707,27.127900671529503,0.006096875
175,31.467343140887415,1.6672396481110898,27.195550661102427,0.006096875
176,31.424368199033246,1.7961527753306472,27.265399520616104,0.006096875
177,31.37996228452902,1.9206121786087285,27.33710212972853,0.006096875
178,31.3343216101626,2.041156918800291,27.41038823730798,0.006096875
179,31.28760581337849,2.1582215933607465,27.485041586916836,0.006096875
180,31.239946884272836,2.2721627028644638,27.560885969396136,0.006096875
181,31.19145546364337,2.3832770250080006,27.637775586487415,0.006096875
182,31.142225402295985,2.4918147736921816,27.715588201976274,0.006096875
183,31.09233713590546,2.59798924673037,27.794220154667126,0.006096875
184,31.04186023193135,2.7019840443615095,27.8735826500572,0.006096875
185,30.990855344620766,2.8039585671866054,27.953598951752983,0.006096875
186,30.939375738379642,2.904052269974493,28.03420221958353,0.006096875
187,31.004095769950027,2.4260512577348967,28.02841196025106,0.006096875
188,31.083471084252064,1.9705285274674462,28.01841934385716,0.006096875
189,31.181823538560227,1.5438242985998398,28.002980746804283,0.006096875
190,31.305012018913704,1.1545820201618857,27.980401300265616,0.006096875
191,31.46060605196418,0.8140637278552547,27.94847354146736,0.006096875
192,31.65713742285856,0.5351459542299841,27.904675071641513,0.006096875
193,31.639326302020223,0.7396709129001915,27.93570389657045,0.006096875
194,31.614353268981386,0.9222474146723811,27.978073361792887,0.006096875
195,31.584333533119512,1.0896774545125134,28.027968691011473,0.006096875
196,31.5505194596238,1.2458097747674337,28.083295221076263,0.006096875
197,31.513728057920453,1.3930771239615753,28.142757582447047,0.006096875
198,31.474528529840626,1.5331347276587304,28.205489223839344,0.006096875
199,31.433336824560545,1.6671698766951417,28.27087701706621,0.006096875
200,31.390468155587314,1.7960688454571005,28.33846846645192,0.006096875
201,31.346168342453037,1.9205141791325202,28.407918461292727,0.006096875
202,31.30063358643009,2.041044897534616,28.478956753330266,0.006096875
203,31.254023516882746,2.158095568059814,28.551367084697535,0.006096875
204,31.206470118168678,2.2720226687906395,28.624973241973624,0.006096875
205,31.15808402698404,2.383122960301712,28.69962942071981,0.006096875
206,31.108959091201367,2.4916466432796973,28.775213377212143,0.006096875
207,31.05917574441054,2.597807005229827,28.851621441806405,0.006096875
208,31.00880355261146,2.7017876382851433,28.928764810877947,0.006096875
209,30.95790316905808,2.8037479366375373,29.00656673842285,0.006096875
210,30.90652785751477,2.903827349973204,29.084960374302444,0.006096875
211,30.971321890539212,2.425861978363502,29.076956511166745,0.006096875
212,31.050771683830384,1.9703757562865807,29.064754541102207,0.006096875
213,31.14919902068038,1.5437088228028497,29.047110774966043,0.006096875
214,31.27246244920704,1.1545041656131978,29.022330322805022,0.006096875
215,31.428130590911262,0.8140225205482704,28.988205824890475,0.006096875
216,31.624733379588726,0.5351376812450411,28.942215227414103,0.006096875
217,31.60702283313497,0.7396483206421397,28.971066262836715,0.006096875
218,31.58215040823982,0.9222113225157998,29.011262358581217,0.006096875
219,31.552231189088925,1.0896282498544692,29.058988893706402,0.006096875
220,31.51851748433038,1.2457476524555031,29.112151253819924,0.006096875
221,31.481826274570764,1.3930021781479953,29.169454083027702,0.006096875
222,31.44272674588095,1.5330469940901654,29.230030829860162,0.006096875
223,31.401634838490097,1.6670693547052935,29.293268359863674,0.006096875
224,31.35886576077768,1.7959555104554807,29.358714168235053,0.006096875
225,31.31466532940446,1.920387990186651,29.426023133750107,0.006096875
226,31.269229744156654,2.0409058022223125,29.49492499695161,0.006096875
227,31.22271863378696,2.1579435057097087,29.565203488459822,0.006096875
228,31.175263982604427,2.2718575727239556,29.636682383219163,0.006096875
229,31.126976427622928,2.382944759429704,29.709215865136915,0.006096875
230,31.07794981727177,2.4914552632709963,29.782681678870894,0.006096875
231,31.028264585852437,2.597602369382184,29.856976143223388,0.006096875
232,30.97799030017474,2.701569668188762,29.93201044309472,0.006096875
233,30.927187614362012,2.8035165526880896,30.00770782109066,0.006096875
234,30.875909793081096,2.9035824717744396,30.084001415768007,0.006096875
235,30.940773763517594,2.425650574854813,30.073894256050504,0.006096875
236,31.02029425335589,1.9701991004926585,30.05959294855374,0.006096875
237,31.118793105873884,1.5435683031807137,30.039853708949643,0.006096875
238,31.242128726502116,1.1544009981557304,30.012981581766553,0.006096875
239,31.397869080227732,0.8139569966132428,29.976769253674295,0.006096875
240,31.594542454043314,0.5351076783705436,29.92869497375836,0.006096875
241,31.576926574291857,0.7396070162362857,29.955475025407164,0.006096875
242,31.5521485789869,0.9221585945847106,29.993604837060094,0.006096875
243,31.522323553607674,1.0895639932494474,30.03926968538264,0.006096875
244,31.48870380961737,1.2456717688694097,30.090374895570758,0.006096875
245,31.452106330917164,1.3929145727340737,30.14562507058859,0.006096875
246,31.413100306923447,1.5329475740961573,30.20415362811659,0.006096875
247,31.372101681087248,1.666958028858764,30.2653474089285,0.006096875
248,31.329425664821045,1.7958321886691133,30.32875388730534,0.006096875
249,31.285318077612004,1.920252583413,30.394027923693073,0.006096875
250,31.239975121869456,2.0407582223830496,30.460899242114643,0.006096875
251,31.193556428778244,2.1577836656636324,30.529151557983205,0.006096875
252,31.146193984903768,2.271685386255697,30.598608632016532,0.006096875
253,31.09799842935639,2.3827601412495083,30.669124634646064,0.006096875
254,31.049063612517298,2.491258129020294,30.740577297641693,0.006096875
255,30.999469970509058,2.597392635641955,30.812862927386824,0.006096875
256,30.949287071844402,2.701347252489021,30.88589269674398,0.006096875
257,30.89857557224278,2.803281373517533,30.959589836595107,0.006096875
258,30.84738873787018,2.9033344485895993,31.03388747403605,0.006096875
259,30.912318402229854,2.425433626099642,31.021781691621918,0.006096875
260,30.99190548097871,1.970014690560848,31.005485481134933,0.006096875
261,31.090471952774354,1.543418121095748,30.983754949084048,0.006096875
262,31.21387619807244,1.1542867332641416,30.954895050979864,0.006096875
263,31.3696856914434,0.8138796619606525,30.916698485515827,0.006096875
264,31.566427247501473,0.5350661433530602,30.866643770000447,0.006096875
265,31.548900128923773,0.7395560736094471,30.891454757770948,0.006096875
266,31.52421051345502,0.9220976017429457,30.927620260316278,0.006096875
267,31.494473558154752,1.0894925742649635,30.971325311173647,0.006096875
268,31.46094161021357,1.2455896656967107,31.02047511596874,0.006096875
269,31.42443167458284,1.392821588816721,31.073774207108734,0.006096875
270,31.38551295454864,1.5328435486899812,31.13035595515326,0.006096875
271,31.34460140345771,1.6668428238216952,31.18960716643272,0.006096875
272,31.302012240207908,1.7957056810404015,31.251075288275008,0.006096875
273,31.25799129020293,1.9201146609577635,31.31441515890234,0.006096875
274,31.212734760688985,2.0406087807737423,31.379356483260032,0.006096875
275,31.16640228691006,2.1576226066202207,31.445682959866126,0.006096875
276,31.11912585890976,2.2715126162749306,31.513218334110903,0.006096875
277,31.071016118828965,2.3825755707109093,31.581816762258015,0.006096875
278,31.022166919725453,2.49106167154124,31.65135596278899,0.006096875
279,30.97265870011268,2.5971842076022456,31.72173222948099,0.006096875
280,30.92256103065907,2.7011267726736365,31.79285672312938,0.006096875
281,30.871934569043415,2.8030487628435985,31.864652662982806,0.006096875
282,30.820832583224586,2.9030896298945414,31.937053164858256,0.006096875
283,30.88582379798908,2.4252175879268325,31.923048068392507,0.006096875
284,30.965473394661526,1.9698289956196164,31.90485605159531,0.006096875
285,31.06410353543212,1.5432646258453129,31.881233104635054,0.006096875
286,31.187572656016307,1.1541674114545273,31.85048407995461,0.006096875
287,31.343447863515856,0.8137959936237964,31.81040166470545,0.006096875
288,31.540254649777406,0.53501769364716,31.75846461518009,0.006096875
289,31.522810601521936,0.7394996307308829,31.781403525031024,0.006096875
290,31.498203586821074,0.9220321900538754,31.8157016666106,0.006096875
291,31.46854887955259,1.0894176455964548,31.85754374162061,0.006096875
292,31.435098883769957,1.245504861247641,31.90483479915431,0.006096875
293,31.398670636839945,1.3927266486406964,31.956279282884893,0.006096875
294,31.359833362627615,1.5327382703668098,32.01101050633933,0.006096875
295,31.319003028607998,1.6667270411353872,32.06841523562512,0.006096875
296,31.27649486397083,1.7955792519673093,32.128040887601884,0.006096875
297,31.23255470197029,1.9199774604331261,32.18954227608295,0.006096875
298,31.187378756063126,2.0404606961013756,32.25264908557608,0.006096875
299,31.141126666552594,2.1574635344335062,32.31714499687868,0.006096875
300,31.093930427703192,2.271342460453224,32.382853739587276,0.006096875
301,31.045900685246885,2.3823942409083303,32.449629455580116,0.006096875
302,30.99713129534699,2.4908690821214283,32.51734985000934,0.006096875
303,30.94770269923945,2.596980276850123,32.58591120413275,0.006096875
304,30.897684470007228,2.700911422200902,32.65522466686044,0.006096875
305,30.847137267491547,2.80282191713277,32.725213446060536,0.006096875
306,30.796114361604594,2.902851215943914,32.7958106465779,0.006096875
307,30.861163157628315,2.4250058285916407,32.78000047385683,0.006096875
308,30.94087133877215,1.9696454978886742,32.76000669606934,0.006096875
309,31.039561282171448,1.5431113350387218,32.73458518381521,0.006096875
310,31.163091535326494,1.154046471969352,32.7020406781017,0.006096875
311,31.319028932036485,0.8137091951056018,32.66016583783323,0.006096875
312,31.515897770602013,0.5349651066555868,32.60643963333809,0.006096875
313,31.49853137299024,0.739440179777584,32.62759869057338,0.006096875
314,31.47400148439791,0.9219646788020108,32.66012160756367,0.006096875
315,31.44442352575339,1.0893414124981433,32.7001926965274,0.006096875
316,31.41104997205842,1.2454194818458937,32.74571682628954,0.006096875
317,31.374697900639063,1.392631822281066,32.795398340294035,0.006096875
318,31.335936560368207,1.5326337684183677,32.84837048889492,0.006096875
319,31.295181935624623,1.6666126802508778,32.90401999449734,0.006096875
320,31.252749267715032,1.7954548790039953,32.96189424146233,0.006096875
321,31.2088843989893,1.9198429433626663,33.02164801801051,0.006096875
322,31.163783549988892,2.0403159182349087,33.083010987548725,0.006096875
323,31.11760636670394,2.1573083905939234,33.14576681282644,0.006096875
324,31.070484848078337,2.2711768543476296,33.20973920754258,0.006096875
325,31.02252964377472,2.3822180832704234,33.27478229923983,0.006096875
326,30.973834613315873,2.490682289364709,33.340773779899195,0.006096875
327,30.924480200851384,2.5967827700700346,33.40760991849514,0.006096875
328,30.874535982022948,2.700703126421295,33.475201852345336,0.006096875
329,30.82406261894344,2.802602760727175,33.54347277827274,0.006096875
330,30.7731133835603,2.90262113018444,33.61235579051737,0.006096875
331,30.838215987861282,2.42480043935959,33.59482999037779,0.006096875
332,30.917978991124585,1.969466419820933,33.57312372369244,0.006096875
333,31.016725005019605,1.5429605483939381,33.545992740945195,0.006096875
334,31.140312728286958,1.1539262125978431,33.511741667294714,0.006096875
335,31.296308794179495,0.8136214507306238,33.46816312164409,0.006096875
336,31.49323641981891,0.5349103147942225,33.41273626689711,0.006096875
337,31.47594253919995,0.7393794478837342,33.43220315264843,0.006096875
338,31.451484611137825,0.9218966684573342,33.46303840440865,0.006096875
339,31.421978223333845,1.0892653899080054,33.50142590893428,0.006096875
340,31.388675930888375,1.245334981368486,33.54527034025841,0.006096875
341,31.35239485595683,1.3925385183166497,33.593275934745584,0.006096875
342,31.313704275255628,1.5325314168263378,33.64457587605154,0.006096875
343,31.27302019182527,1.666501088081216,33.69855684099049,0.006096875
344,31.23065786023018,1.7953338874194467,33.754766180418144,0.006096875
345,31.18686313268145,1.9197124173382576,33.81285865646443,0.006096875
346,31.141832237332057,2.040175740010396,33.87256391124795,0.006096875
347,31.095724826228082,2.1571584553313863,33.933665589479595,0.006096875
348,31.048672903254413,2.2710170671487515,33.99598738910021,0.006096875
349,31.000787122190957,2.382048357066396,34.059383423544055,0.006096875
350,30.952161346052996,2.4905025433854466,34.123731371909024,0.006096875
351,30.902876021998086,2.5965929287091596,34.188927491217754,0.006096875
352,30.853000728292656,2.700503118378471,34.25488290755762,0.006096875
353,30.802596129365504,2.802392518349043,34.32152080709106,0.006096875
354,30.751715499227895,2.9024005889505116,34.38877427385451,0.006096875
355,30.81686834085929,2.4246027919172475,34.36961776930721,0.006096875
356,30.896682587897907,1.9692932622371178,34.34628377333792,0.006096875
357,30.995481097360027,1.5428138568375436,34.31752791768834,0.006096875
358,31.119122745809328,1.153808256320089,34.281654710153774,0.006096875
359,31.275174022141126,0.8135343325119011,34.236456721623625,0.006096875
360,31.472157160622423,0.534854733859233,34.17941328899233,0.006096875
361,31.45493095063929,0.7393186912805352,34.197271358828154,0.006096875
362,31.430540121755445,0.9218293139800797,34.22650215705772,0.006096875
363,31.40110044036511,1.0891906619782512,34.26328912501353,0.006096875
364,31.367864547155957,1.2452523912518167,34.30553673420891,0.006096875
365,31.331649612000763,1.392447727094027,34.35194911049879,0.006096875
366,31.293024941114883,1.5324321727148396,34.40165936923691,0.006096875
367,31.252406557205525,1.6663931940394419,34.4540541409221,0.006096875
368,31.210109728729943,1.7952171828645975,34.50868074264432,0.006096875
369,31.166380318172155,1.919586767115261,34.56519391044358,0.006096875
370,31.12141456156758,2.0400410273777023,34.62332326530587,0.006096875
371,31.075372117197197,2.1570145773074114,34.68285243415461,0.006096875
372,31.028384994003968,2.2708639313142363,34.743605099484306,0.006096875
373,30.980563849959672,2.38188587930139,34.805435360972254,0.006096875
374,30.93200255161708,2.4903306462268966,34.868220885210874,0.006096875
375,30.88278154916561,2.596411540132693,34.931857917666136,0.006096875
376,30.832970423504992,2.7003121708774422,34.99625757360244,0.006096875
377,30.782629841377865,2.802191948226574,35.06134302893671,0.006096875
378,30.731813078849196,2.902190335767057,35.12704735792213,0.006096875
379,30.797012788437044,2.4244137714391654,35.10634079114984,0.006096875
380,30.876874889385395,1.9691270330400217,35.08145955625851,0.006096875
381,30.975722488272815,1.542672362468492,35.051159169010404,0.006096875
382,31.099414656228223,1.1536937563827958,35.01374402047265,0.006096875
383,31.255517780977904,0.8134489822485236,34.96700662837382,0.006096875
384,31.45255320046452,0.5347994130738792,34.90842648740703,0.006096875
385,31.435390097416626,0.7392588315362794,34.92475498270787,0.006096875
386,31.41106180163341,0.9217634532093492,34.95246041027069,0.006096875
387,31.381684264233424,1.0891180057442995,34.98772575806417,0.006096875
388,31.348510214218383,1.2451724413186358,35.028455292446715,0.006096875
389,31.312356870572792,1.3923601399351049,35.07335302788902,0.006096875
390,31.2737935697776,1.5323366947805759,35.12155201126967,0.006096875
391,31.23323635464621,1.6662896282949924,35.17243882691289,0.006096875
392,31.191000507783865,1.7951053699006736,35.22556075843433,0.006096875
393,31.147331902094255,1.9194665737490904,35.28057251615107,0.006096875
394,31.1024267815748,2.0399123394030916,35.33720370032222,0.006096875
395,31.056444810778395,2.156877294683658,35.39523792050938,0.006096875
396,31.009518003715794,2.270717964859433,35.45449884419556,0.006096875
397,30.961757022542272,2.381731148351616,35.514840557739475,0.006096875
398,30.913255737327724,2.4901670769368924,35.57614071566745,0.006096875
399,30.864094601265304,2.5962390642151134,35.63829555232633,0.006096875
400,30.814343197854942,2.700130724649482,35.70121617259298,0.006096875
401,30.764062196116775,2.80200147187688,35.764825742571674,0.006096875
402,30.713304874131193,2.9019907727835696,35.829057327161934,0.006096875
403,30.778548280101298,2.4242339090511846,35.80687728813901,0.006096875
404,30.858455033482482,1.9689683788506778,35.780525262654436,0.006096875
405,30.957348489680125,1.5425368067274638,35.74875665424502,0.006096875
406,31.08108792359634,1.1535835172808415,35.70987573946994,0.006096875
407,31.23723965472271,0.8133662203457772,35.66167497994964,0.006096875
408,31.434324201227806,0.5347451260390728,35.6016340139903,0.006096875
409,31.417219916183427,0.739200538832333,35.6165082641199,0.006096875
410,31.392949871570238,0.9216996860118836,35.64276348271806,0.006096875
411,31.36363020481558,1.0890479680091447,35.676582205470396,0.006096875
412,31.330513733877844,1.2450956355122023,35.715868494754275,0.006096875
413,31.29441772712147,1.3922762244440288,35.759326254688204,0.006096875
414,31.255911551390746,1.5322454186681833,35.8060884645668,0.006096875
415,31.215411269619125,1.666190797570677,35.85554166331979,0.006096875
416,31.17323217853069,1.7949988284765517,35.90723310178521,0.006096875
417,31.129620161396886,1.9193521919462544,35.96081746519182,0.006096875
418,31.084771470113914,2.039790006640332,36.0160243336586,0.006096875
419,31.038845775438226,2.156746914624837,36.072637299935145,0.006096875
420,30.991975096378116,2.2705794520776874,36.130480017014065,0.006096875
421,30.944270099202534,2.3815844259674948,36.1894065584339,0.006096875
422,30.89582465743036,2.490012074903488,36.24929456713392,0.006096875
423,30.84671922719221,2.596075718045417,36.310040266806396,0.006096875
424,30.79702339452452,2.6999589744539603,36.37155475239202,0.006096875
425,30.74679783066375,2.801821261623222,36.43376118062311,0.006096875
426,30.696095815647254,2.9018020497188646,36.49659260747742,0.006096875
427,30.761379938428743,2.424063472107622,36.47301184791145,0.006096875
428,30.8413283281693,1.968817675322347,36.44526165093118,0.006096875
429,30.940264584684453,1.5424076588979685,36.412097312290065,0.006096875
430,31.064048190112054,1.153478078825106,36.371822997411954,0.006096875
431,31.220245420540483,0.8132866219234662,36.32223111054324,0.006096875
432,31.41737604240968,0.5346924347912777,36.26080142111139,0.006096875
433,31.40032655132056,0.7391442908061769,36.274293036168025,0.006096875
434,31.376110747720666,0.9216384303915455,36.29916948324528,0.006096875
435,31.346844953594502,1.0889809200217002,36.331612853534516,0.006096875
436,31.31378207493771,1.2450223059218597,36.36952700942977,0.006096875
437,31.27773942892002,1.392196278384461,36.41161574713692,0.006096875
438,31.23928641234731,1.5321586110444836,36.45701198003874,0.006096875
439,31.198839107969842,1.666096939659397,36.50510220291744,0.006096875
440,31.15671282638945,1.7948977690672325,36.55543363482409,0.006096875
441,31.113153461046352,1.9192438059580663,36.60766093672496,0.006096875
442,31.068357271566843,2.03967418788017,36.661513669313265,0.006096875
443,31.022483934764782,2.1566235709802264,36.71677540916292,0.006096875
444,30.97566547451755,2.270448502211806,36.77326979535535,0.006096875
445,30.928012561093286,2.3814457969788783,36.830850889145516,0.006096875
446,30.879619071356558,2.489865700626485,36.889396322389906,0.006096875
447,30.8305654642819,2.5959215377889047,36.94880230860465,0.006096875
448,30.780921328356605,2.699796932047218,37.00897993325276,0.006096875
449,30.730747336954828,2.8016513046820695,37.06985234413647,0.006096875
450,30.680096771998024,2.901624129072678,37.131352588740015,0.006096875
451,30.745418816931632,2.423902530632715,37.10644022278548,0.006096875
452,30.825406007430935,1.9686750938464386,37.07736084394778,0.006096875
453,30.9243821806106,1.542285181695524,37.04286964509431,0.006096875
454,31.048207024959833,1.1533777786530248,37.001270684703165,0.006096875
455,31.204446791591973,0.8132105735988135,36.95035630965756,0.006096875
456,31.4016205559693,0.534641737767982,36.88760640945354,0.006096875
457,31.384622088545626,0.7390904166457323,36.89978346381974,0.006096875
458,31.360456774523907,0.9215799645674593,36.923349039258426,0.006096875
459,31.331241116222465,1.0889170985123715,36.95448479516866,0.006096875
460,31.298228105599158,1.2449526533578674,36.99109440001779,0.006096875
461,31.262235107431923,1.3921204701706995,37.031881545558605,0.006096875
462,31.223831547718007,1.5320764102637952,37.07597908149653,0.006096875
463,31.18343352848823,1.6660081644469336,37.1227734600467,0.006096875
464,31.14135637382609,1.794802274187882,37.1718118696711,0.006096875
465,31.097845987034386,1.9191414716853388,37.22274894803186,0.006096875
466,31.053098635224185,2.039564912920585,37.27531423719799,0.006096875
467,31.007274001064545,2.1565072677761123,37.32929129826041,0.006096875
468,30.960504113131393,2.270325093711607,37.384503757005355,0.006096875
469,30.912899645545558,2.3813152143499345,37.44080566296331,0.006096875
470,30.864554478389657,2.4897278815938946,37.49807463742478,0.006096875
471,30.815549073369315,2.5957764254025286,37.55620688421361,0.006096875
472,30.765953021321856,2.699644473748955,37.615113479773285,0.006096875
473,30.715826997668263,2.8014914515882996,37.67471756341365,0.006096875
474,30.665224286131714,2.901456835414012,37.734952174546514,0.006096875
475,30.730581635566125,2.423751007677611,37.70877386750453,0.006096875
476,30.810604965456363,1.9685406522400792,37.678430854900995,0.006096875
477,30.90961834118009,1.5421694812280393,37.64267823189046,0.006096875
478,31.033481653444213,1.153282799956549,37.59981995475241,0.006096875
479,31.18976114176221,0.8131383169446347,37.54764831397538,0.006096875
480,31.38697524507481,0.5345933066110939,37.48364330930112,0.006096875
481,31.370024272938373,0.7390391309146341,37.49457051632393,0.006096875
482,31.345905942437405,0.9215244592451907,37.51688975950612,0.006096875
483,31.31673693020419,1.088856637157647,37.5467822826711,0.006096875
484,31.283770311244893,1.2448867784561308,37.5821515678788,0.006096875
485,31.24782349629801,1.392048869901985,37.62170120660782,0.006096875
486,31.209465939516242,1.5319988575298817,37.66456398751358,0.006096875
487,31.169113761507248,1.6659244853422583,37.710126322053384,0.006096875
488,31.127082299329228,1.7947123301952146,37.75793536943791,0.006096875
489,31.083617465764974,1.9190451489272744,37.80764574507162,0.006096875
490,31.038915535110853,2.0394621153205255,37.858986973255575,0.006096875
491,30.99313619564968,2.1563979125178587,37.911742600324864,0.006096875
492,30.94641148045632,2.270209108117248,37.965736239406375,0.006096875
493,30.89885206733591,2.3811925336686106,38.020821928875776,0.006096875
494,30.850551839444613,2.489598447395739,38.076877279977495,0.006096875
495,30.801591261093392,2.59564018438647,38.13379848732538,0.006096875
496,30.752039925358893,2.6995013768407494,38.19149661879617,0.006096875
497,30.701958509610265,2.8013414532466214,38.249894805636806,0.006096875
498,30.65140029928379,2.901299893088602,38.30892607959742,0.006096875
499,30.716790504203846,2.4236087179486763,38.28154422562702,0.006096875
500,30.796847479256627,1.968414253724268,38.2499998628489,0.006096875
501,30.895895507721452,1.542060545504262,38.21304799401656,0.006096875
502,31.019794676003414,1.1531932083525505,38.16899247831336,0.006096875
503,31.17611122141435,0.8130699821369095,38.11562555150961,0.006096875
504,31.37336299536731,0.5345473147302,38.05042731482647,0.006096875
505,31.35645621985336,0.7389905597858564,38.0601661929933,0.006096875
506,31.33238159883239,0.9214720026276454,38.08130045076542,0.006096875
507,31.3032559759616,1.0887995909493284,38.11001093503104,0.006096875
508,31.270332505790687,1.2448247057529986,38.144200949960904,0.006096875
509,31.234428643054656,1.3919814733679128,38.18257399142313,0.006096875
510,31.19611386884004,1.5319259209859581,38.22426278991067,0.006096875
511,31.15580432151143,1.6658458435615668,38.268653718081374,0.006096875
512,31.11381535051808,1.794627851845421,38.31529390732027,0.006096875
513,31.070392877688246,1.918954726272578,38.36383795187319,0.006096875
514,31.025733184167493,2.0393656576689496,38.4140153591604,0.006096875
515,30.979995963584553,2.156295341870692,38.4656096615051,0.006096875
516,30.933313253294497,2.2701003561772892,38.51844446001789,0.006096875
517,30.88579573460417,2.381077539721165,38.572373782490224,0.006096875
518,30.83753729358824,2.48947715676943,38.62727523063681,0.006096875
519,30.788618397029264,2.595512547310621,38.683044990336924,0.006096875
520,30.739108640126418,2.6993673475808557,38.739594121344005,0.006096875
521,30.689068702093806,2.801200989439231,38.79684574726067,0.006096875
522,30.63855186998872,2.901152955221865,38.854732892573594,0.006096875
523,30.703972641424613,2.423475397607012,38.82620678228987,0.006096875
524,30.784060926938043,1.968295717075386,38.79352025545922,0.006096875
525,30.883141216491328,1.5419582742980562,38.7554282277797,0.006096875
526,31.007073783961157,1.1531089805468557,38.71023446664024,0.006096875
527,31.163424870739473,0.8130056141771459,38.65573115527976,0.006096875
528,31.36071178494064,0.5345038596199018,38.58939848854463,0.006096875
529,31.343846124818707,0.7389447615181536,38.59800751952517,0.006096875
530,31.319812158071922,0.921422619917327,38.61801510556909,0.006096875
531,31.29072688723681,1.088745955177561,38.64560171684367,0.006096875
532,31.25784354250457,1.244766402421002,38.67867048878615,0.006096875
533,31.22197962043115,1.391918220713092,38.715924826621084,0.006096875
534,31.183704627692116,1.5318575144288167,38.756497405724105,0.006096875
535,31.143434719512435,1.665772126977536,38.799774561998305,0.006096875
536,31.101485257099434,1.7945487013410697,38.84530340047677,0.006096875
537,31.05810217085871,1.9188700403905368,38.892738495371326,0.006096875
538,31.01348174842598,2.0392753511550086,38.941809338120486,0.006096875
539,30.967783688491973,2.1561993415354013,38.99229944778304,0.006096875
540,30.921140032461647,2.2699985980499777,39.04403241409431,0.006096875
541,30.873661464952782,2.3809699670340776,39.096862254825666,0.006096875
542,30.82544187479759,2.4893637184934123,39.150666562669834,0.006096875
543,30.77656173111228,2.5953931970680095,39.20534151523592,0.006096875
544,30.727090631098765,2.69924204282293,39.26079816458583,0.006096875
545,30.67708925571098,2.801069690813314,39.31695962708317,0.006096875
546,30.626610893533833,2.9010156260771027,39.37375892033566,0.006096875
547,30.692060093933055,2.4233507273206114,39.34414489905435,0.006096875
548,30.772177506846592,1.9681848000235846,39.31037245458027,0.006096875
549,30.871287817206888,1.5418625023922083,39.27119642085581,0.006096875
550,30.995251476962604,1.1530300267066111,39.22492047885708,0.006096875
551,31.151634735439785,0.8129451934159774,39.169336761832824,0.006096875
552,31.348954397506574,0.5344629803779625,39.10192555119308,0.006096875
553,31.332126976814116,0.738901742508308,39.109460330116214,0.006096875
554,31.308130815107184,0.9213762885849055,39.12839667619642,0.006096875
555,31.27908306512104,1.088695680273835,39.15491470400748,0.006096875
556,31.24623702853987,1.2447117929002547,39.18691738976658,0.006096875
557,31.21041024143521,1.3918590109955782,39.22310805318308,0.006096875
558,31.172172234652198,1.5317935118891624,39.26261931763957,0.006096875
559,31.131939179334392,1.665703184788941,39.30483748436704,0.006096875
560,31.0900264477852,1.7944747031391903,39.34930963353744,0.006096875
561,31.046679978500602,1.9187908910140876,39.39569032045788,0.006096875
562,31.002096065235026,2.039190970753565,39.4437090214825,0.006096875
563,30.95643441144896,2.1561096616570867,39.49314924314576,0.006096875
564,30.9098270623614,2.2699035589508703,39.543834564439415,0.006096875
565,30.862384705706695,2.3808695157723574,39.595618993667664,0.006096875
566,30.814201232911273,2.4892578075448837,39.64838011499615,0.006096875
567,30.76535711528587,2.5952817832982262,39.702014098215166,0.006096875
568,30.715921951914723,2.6991250867094556,39.75643198811205,0.006096875
569,30.665956425386234,2.800947155847281,39.81155689420237,0.006096875
570,30.61551382571995,2.9008874782958274,39.8673218275847,0.006096875
571,30.680989460413915,2.4232343501134777,39.836673444877675,0.006096875
572,30.76113396133307,1.9680812174380138,39.80186853858827,0.006096875
573,30.86027219645378,1.54177301770611,39.761661866097754,0.006096875
574,30.98426478564276,1.1529562079656088,39.714357027338636,0.006096875
575,31.140677988138556,0.8128886516637471,39.65774610834363,0.006096875
576,31.338028141938324,0.5344246715028301,39.58930947071498,0.006096875
577,31.32123627806851,0.7388614699137435,39.59582284904045,0.006096875
578,31.297275265690597,0.9213329503560393,39.61374064856555,0.006096875
579,31.268262398772887,1.0886486834449194,39.639242649800906,0.006096875
580,31.235451046214784,1.2446607703485404,39.670231679397844,0.006096875
581,31.199658781231516,1.3918037135626609,39.705410976732516,0.006096875
582,31.16145515738166,1.5317337590079885,39.74391311633565,0.006096875
583,31.121256360763972,1.665638838950853,39.78512436685088,0.006096875
584,31.079377774103335,1.794405655474072,39.82859178507268,0.006096875
585,31.036065343491686,1.9187170525840214,39.87396990852257,0.006096875
586,30.99151536842626,2.0391122670124333,39.92098819935403,0.006096875
587,30.945887556842727,2.156026028771769,39.96943015230384,0.006096875
588,30.899313957537345,2.269814941271185,40.019119336236386,0.006096875
589,30.851905261166483,2.380775864038847,40.0699097505264,0.006096875
590,30.80375536158822,2.4891590775868635,40.1216789712919,0.006096875
591,30.75494473216937,2.5951779350671536,40.17432316093982,0.006096875
592,30.705542973757346,2.6990160835475048,40.22775335738517,0.006096875
593,30.655610770471032,2.8008329639244964,40.28189266367064,0.006096875
594,30.60520141367287,2.9007680661705932,40.336674084740096,0.006096875
595,30.670701622532597,2.423125885176054,40.305042235892316,0.006096875
596,30.75087130779739,1.9679846554606373,40.26925567412061,0.006096875
597,30.850035508563842,1.5416895754429472,40.22806908529067,0.006096875
598,30.974055002035442,1.1528873501387513,40.17978599357902,0.006096875
599,31.130496057908783,0.8128358848600411,40.12219844071347,0.006096875
600,31.327874580433754,0.5343888937865334,40.052786862721966,0.006096875
601,31.311115772575608,0.7388238815983211,40.05832908405648,0.006096875
602,31.287187435371408,0.9212925206373783,40.075278428365905,0.006096875
603,31.258206994964866,1.0886048578032812,40.09981436363833,0.006096875
604,31.225427883154094,1.2446132056101167,40.1298395765889,0.006096875
605,31.189667707908654,1.391752176944738,40.16405723141268,0.006096875
606,31.15149604403635,1.5316780819148197,40.20159985690136,0.006096875
607,31.111329091624967,1.665578893079299,40.24185369116876,0.006096875
608,31.069482243145618,1.7943413393190264,40.28436576909194,0.006096875
609,31.026201451792993,1.9186482832906033,40.32879061150255,0.006096875
610,30.98168302243309,2.0390389751909628,40.37485766721643,0.006096875
611,30.936086667184476,2.1559481550548365,40.422350419879095,0.006096875
612,30.889544438186427,2.269732433945783,40.47109242882524,0.006096875
613,30.84216702882541,2.380688677368996,40.520937685019675,0.006096875
614,30.794048335230915,2.48906717059507,40.57176375699487,0.006096875
615,30.745268832690183,2.595081270629704,40.6234668001933,0.006096875
616,30.695898123697017,2.6989146277098235,40.67595784604292,0.006096875
617,30.645996893799317,2.800726685374389,40.72915999147301,0.006096875
618,30.595618435613094,2.9006569358267713,40.78300623561135,0.006096875
619,30.66114148496092,2.423024938524651,40.75043929550698,0.006096875
620,30.741334578855938,1.9678947824748447,40.713719368649876,0.006096875
621,30.840522915757543,1.5416119091230926,40.67160107425542,0.006096875
622,30.964567419451377,1.152823254467382,40.6223878658981,0.006096875
623,31.121034369559784,0.812786763044695,40.563871743974886,0.006096875
624,31.318439266822903,0.534355582926671,40.49353321370432,0.006096875
625,31.301711184821965,0.738788893976876,40.498152042899186,0.006096875
626,31.27781321874575,0.921254895933074,40.51418055066008,0.006096875
627,31.248862917911413,1.0885640795336335,40.537797913705376,0.006096875
628,31.216113772729784,1.244568954238552,40.56690668829356,0.006096875
629,31.180383423555032,1.391704235803298,40.600209968497865,0.006096875
630,31.142241464994342,1.531626294147842,40.63684024042005,0.006096875
631,31.102104110169286,1.6655231393769157,40.67618371365443,0.006096875
632,31.060286760631413,1.794281525341835,40.71778740258244,0.006096875
633,31.017035376192325,1.9185843320768297,40.76130581241104,0.006096875
634,30.97254626671929,2.038970822324535,40.80646837945427,0.006096875
635,30.926979148227257,2.1558757454568958,40.853058576948825,0.006096875
636,30.880466075969213,2.26965571966798,40.90089995527578,0.006096875
637,30.833117745874546,2.3806076160303142,40.94984649748953,0.006096875
638,30.785028056188114,2.488981724246188,40.99977576498032,0.006096875
639,30.73627748398559,2.5949914049098126,41.050583906627246,0.006096875
640,30.686935633294006,2.6988203112086007,41.10218194773979,0.006096875
641,30.63706319099184,2.800627889141006,41.15449297947719,0.006096875
642,30.586713450862437,2.9005536329864476,41.20744999547412,0.006096875
643,30.652257725684862,2.4229311111918874,41.17399394538843,0.006096875
644,30.732472572860285,1.9678112575901645,41.13638655440753,0.006096875
645,30.831683338742618,1.5415397391704107,41.09338237976001,0.006096875
646,30.955751082967463,1.1527637060279068,41.04328480940107,0.006096875
647,31.112242093756457,0.8127411382020785,40.98388580537609,0.006096875
648,31.309671496006175,0.5343246563381066,40.912665937328605,0.006096875
649,31.29297196969021,0.7387564082021291,40.91640678318413,0.006096875
650,31.26910222990465,0.9212199596768883,40.9315597232614,0.006096875
651,31.240179940306056,1.088526213511765,40.95430366375,0.006096875
652,31.20745864571457,1.2445278619867768,40.982541039687185,0.006096875
653,31.1717560165472,1.39165971634682,41.01497487994481,0.006096875
654,31.133641665791767,1.5315782020330018,41.05073763089422,0.006096875
655,31.09353181867014,1.6654713640016632,41.08921547555771,0.006096875
656,31.051741885164304,1.794225979282302,41.12995540919555,0.006096875
657,31.0085178312295,1.918524944039013,41.17261192241738,0.006096875
658,30.96405597137686,2.038907532658847,41.21691443984017,0.006096875
659,30.918516025239406,2.1558085031797205,41.26264642494773,0.006096875
660,30.872030050961747,2.2695844804131795,41.30963141971993,0.006096875
661,30.824708746834762,2.3805323405980823,41.3577233997791,0.006096875
662,30.776646013068078,2.4889023775488024,41.40679991979719,0.006096875
663,30.727922328398478,2.594907955188896,41.45675712247288,0.006096875
664,30.678607298277168,2.698732729442783,41.50750602734868,0.006096875
665,30.62876161081869,2.8005361485901226,41.558969720140695,0.006096875
666,30.57843856089075,2.9004577088355608,41.611081189298126,0.006096875
667,30.644002557382162,2.422844005476619,41.576779737028374,0.006096875
668,30.724237615534946,1.9677337371711567,41.5383285133207,0.006096875
669,30.82346921850827,1.5414727795684238,41.49448201786429,0.006096875
670,30.94755855122698,1.1527084802943721,41.443543577780346,0.006096875
671,31.10407190861837,0.8126988504224862,41.38330511970289,0.006096875
672,31.301524065102893,0.5342960185376376,41.31124727335053,0.006096875
673,31.284851074099265,0.7387263150385454,41.31415330523793,0.006096875
674,31.261007564629775,0.9211875868100438,41.32847371337713,0.006096875
675,31.232111306107257,1.0884911176989611,41.350387153494644,0.006096875
676,31.199415893679443,1.2444897690852588,41.37779594832902,0.006096875
677,31.16373902557337,1.3916184405361203,41.40940306629819,0.006096875
678,31.125650331781927,1.531533608846072,41.44434091689474,0.006096875
679,31.085566048723205,1.6654233512065795,41.48199565844196,0.006096875
680,31.043801594180945,1.794174466084919,41.52191426840006,0.006096875
681,31.000602939796803,1.9184698645635923,41.56375122376659,0.006096875
682,30.95616640438087,2.0388488317992266,41.60723593823233,0.006096875
683,30.91065171091618,2.1557461338443566,41.65215186615554,0.006096875
684,30.86419092022515,2.2695184016303616,41.69832254164257,0.006096875
685,30.81689473278594,2.3804625161736532,41.745601933340126,0.006096875
686,30.7688570506283,2.4888287750910263,41.79386758960588,0.006096875
687,30.72015835402807,2.594830545384407,41.843015647322815,0.006096875
688,30.67086824975626,2.6986514855086963,41.89295712060097,0.006096875
689,30.621047427073055,2.8004510458524248,41.94361509002416,0.006096875
690,30.570749181851443,2.900368724399819,41.994922539148334,0.006096875
691,30.636331500305975,2.4227632296646684,41.95981723288003,0.006096875
692,30.71658533315375,1.9676618798219534,41.9205636519097,0.006096875
693,30.81583628971291,1.5414107429894877,41.87591624261072,0.006096875
694,30.939945669920036,1.1526573482378553,41.82417827583927,0.006096875
695,31.096479773127513,0.8126597327271876,41.76314164568696,0.006096875
696,31.293953046585457,0.5342695653932908,41.690287037967124,0.006096875
697,31.277304710643406,0.7386984986924017,41.692399296665045,0.006096875
698,31.253485574587582,0.9211576473629137,41.70592808631005,0.006096875
699,31.22461350531535,1.08845864656481,41.72705183143867,0.006096875
700,31.191942144370195,1.2444545135592058,41.753672751052676,0.006096875
701,31.156289215620237,1.3915802293303823,41.78449375766646,0.006096875
702,31.118224364740072,1.531492318011009,41.81864722662414,0.006096875
703,31.07816383847506,1.6653788865070234,41.85551929334276,0.006096875
704,31.036423061806882,1.79412675304698,41.89465691874391,0.006096875
705,30.993248011624917,1.9184188424649815,41.93571456715376,0.006096875
706,30.9488350107077,2.0387944498447608,41.978421642072284,0.006096875
707,30.90334378513158,2.1556883486264042,42.022561589329946,0.006096875
708,30.85690639819224,2.2694571753821684,42.06795793566168,0.006096875
709,30.80963355238868,2.3803978155320062,42.11446464317311,0.006096875
710,30.76161915143283,2.4887605701973383,42.161959254291745,0.006096875
711,30.71294367702333,2.594758809217277,42.210337900431284,0.006096875
712,30.66367673715152,2.69857619337884,42.259511590586996,0.006096875
713,30.613879022137212,2.800372175014028,42.30940340050561,0.006096875
714,30.563603828783346,2.9002862537469873,42.35994630912691,0.006096875
715,30.629203166843443,2.4226884015430534,42.324076645399266,0.006096875
716,30.709474437411515,1.9675953501492418,42.28406013445045,0.006096875
717,30.808743365805057,1.5413533447133914,42.23865117333414,0.006096875
718,30.932871357060108,1.1526100802633152,42.18615298098401,0.006096875
719,31.089424712429235,0.8126236148294578,42.124357421721605,0.006096875
720,31.286917573443723,0.5342451874675657,42.050745233804435,0.006096875
721,31.270292143265237,0.7386728398097471,42.05210273683545,0.006096875
722,31.246495653550465,0.9211300092433563,42.064878804384804,0.006096875
723,31.217646060763506,1.0884286537369154,42.08525164819954,0.006096875
724,31.18499704908112,1.244421933781961,42.111123391712546,0.006096875
725,31.149366365937997,1.3915449051715119,42.14119689587306,0.006096875
726,31.111323671425513,1.5314541355338058,42.17460450447812,0.006096875
727,31.071285221786106,1.6653377590771277,42.21073233174429,0.006096875
728,31.02956644862305,1.7940826121870939,42.2491273232553,0.006096875
729,30.986413333655094,1.918371632333028,42.289443931560264,0.006096875
730,30.942022203314153,2.0387441237198654,42.33141155066681,0.006096875
731,30.89655278652536,2.1556348665754728,42.374813618445245,0.006096875
732,30.850137148863237,2.2694005026550337,42.41947365473645,0.006096875
733,30.802885994689433,2.3803379214245166,42.465245615516544,0.006096875
734,30.754893229266827,2.4886974272254117,42.51200703764754,0.006096875
735,30.706239335606494,2.5946923925036613,42.559654047402276,0.006096875
736,30.656993922825894,2.698506480189059,42.60809764896254,0.006096875
737,30.60721768222297,2.8002991443992773,42.65726091351771,0.006096875
738,30.556963911459377,2.900209886265242,42.70707681565437,0.006096875
739,30.62257905772216,2.422619150961182,42.67048034176239,0.006096875
740,30.702866521955087,1.9675338215576954,42.629738382147295,0.006096875
741,30.802152135829044,1.5413003055845378,42.583605288312526,0.006096875
742,30.926297399990553,1.1525664492209065,42.53038423137897,0.006096875
743,31.082868614935673,0.8125903260463996,42.46786704855682,0.006096875
744,31.280379636255546,0.5342227726356952,42.39353452719226,0.006096875
745,31.263775484830074,0.738649217809409,42.394174368930344,0.006096875
746,31.24000003550638,0.9211045403919171,42.406234693716996,0.006096875
747,31.211171326779187,1.0884009940344617,42.42589351798814,0.006096875
748,31.178543081878612,1.2443918704203658,42.45105287736223,0.006096875
749,31.142933069832733,1.3915122938628195,42.48041558533959,0.006096875
750,31.104910963947013,1.531418871829089,42.5131139566372,0.006096875
751,31.06489302917216,1.6652997635345452,42.54853408588884,0.006096875
752,31.023194703185663,1.7940418219954846,42.586222904478184,0.006096875
753,30.9800619721384,1.9183279962543258,42.62583485402458,0.006096875
754,30.93569116581691,2.038697598870542,42.66709931970504,0.006096875
755,30.89024201576349,2.15558541628934,42.70979973196733,0.006096875
756,30.843846589647185,2.269348095013317,42.75375960420974,0.006096875
757,30.796615593542466,2.380282528214582,42.79883288666921,0.006096875
758,30.74864293413926,2.4886390231842723,42.84489711098698,0.006096875
759,30.700009095656686,2.5946309547563047,42.89184839860654,0.006096875
760,30.65078368824926,2.6984419878234305,42.93959774918109,0.006096875
761,30.601027404116085,2.80023157813921,42.988068229607656,0.006096875
762,30.55079354171036,2.900139228215041,43.03719281036834,0.006096875
763,30.616423369688412,2.4225551216400656,42.999905221512414,0.006096875
764,30.69672587039021,1.9674769782793144,42.95847344554355,0.006096875
765,30.796026972722007,1.5412513542055717,42.91165179196031,0.006096875
766,30.92018826391449,1.1525262326800467,42.857743387946805,0.006096875
767,31.076776041006156,0.812559697532356,42.794540046134635,0.006096875
768,31.274303891913696,0.5342022081230045,42.719522599868135,0.006096875
769,31.257719506347488,0.7386275126840023,42.719480046675294,0.006096875
770,31.23396360439927,0.9210811104312293,42.73085978594147,0.006096875
771,31.2051542994569,1.0883755250103069,42.74983965532064,0.006096875
772,31.172545350413884,1.2443641678957982,42.77432160994725,0.006096875
773,31.136954546023755,1.3914822259659163,42.80300841976324,0.006096875
774,31.098951571668003,1.5313863430643277,42.835032372736315,0.006096875
775,31.058952700259358,1.6652647012400354,42.8697795454454,0.006096875
776,31.01727337503201,1.7940041686946833,42.90679685614864,0.006096875
777,30.974159586193682,1.9182877050381544,42.94573873633619,0.006096875
778,30.929807666603242,2.0386546304586584,42.98633456297959,0.006096875
779,30.884377350201476,2.155539737078742,43.02836775961178,0.006096875
780,30.83800070657796,2.2692996757362573,43.07166183361536,0.006096875
781,30.790788443378876,2.380231342987826,43.11607072985661,0.006096875
782,30.742834468604322,2.4885850488184236,43.16147197508234,0.006096875
783,30.694219267583097,2.5945741702429865,43.207761686200556,0.006096875
784,30.645012451422943,2.698382373947206,43.25485085860566,0.006096875
785,30.595274713151714,2.8001691171790277,43.30266255515278,0.006096875
786,30.5450593519509,2.900073903711012,43.35112974245516,0.006096875
787,30.610702814380268,2.422495972388833,43.313184973929374,0.006096875
788,30.69101927548206,1.9674245167965667,43.27109725694446,0.006096875
789,30.790334752812484,1.5412062285245653,43.22362086232012,0.006096875
790,30.914510911646673,1.1524892146158925,43.169058876947666,0.006096875
791,31.071114042887643,0.8125315639698367,43.10520309127979,0.006096875
792,31.268657483671923,0.5341833820761279,43.02953438180682,0.006096875
793,31.252091457498015,0.7386076063748209,43.02884296244553,0.006096875
794,31.228353715155457,0.9210595919110551,43.03957554156825,0.006096875
795,31.19956243819411,1.0883521081008232,43.05790979361838,0.006096875
796,31.166971417974263,1.2443386754594186,43.08174760015028,0.006096875
797,31.13139846121408,1.3914545378145289,43.109791691210695,0.006096875
798,31.093413264298402,1.5313563721211203,43.14117433021326,0.006096875
799,31.053432107398972,1.665232381212403,43.175281577120955,0.006096875
800,31.011770438819212,1.7939694471125942,43.21166033807868,0.006096875
801,30.968674252470322,1.9182505390508817,43.249965035201384,0.006096875
802,30.924339884017943,2.0386149841599477,43.28992503784389,0.006096875
803,30.878927069595466,2.1554975797306666,43.33132376310352,0.006096875
804,30.832567880549664,2.2692549805476765,43.37398471274921,0.006096875
805,30.785373025965566,2.3801840862490335,43.417761826624734,0.006096875
806,30.737436415043515,2.488535209272527,43.46253262689007,0.006096875
807,30.688838534129815,2.5945217286191573,43.50819322619556,0.006096875
808,30.639648995206677,2.6983273126075185,43.55465461593148,0.006096875
809,30.589928492062683,2.800111419846669,43.6018398551479,0.006096875
810,30.53973032454836,2.9000135552580866,43.64968190681152,0.006096875
811,30.605386448033272,2.42244137785523,43.61111222150101,0.006096875
812,30.68571586918352,1.967376146786577,43.568400769208615,0.006096875
813,30.785044686148776,1.5411646769409764,43.52030178518955,0.006096875
814,30.909234634208023,1.152455186627721,43.46511831945845,0.006096875
815,31.065851995525367,0.8125057648265464,43.40064214255076,0.006096875
816,31.263409872104763,0.5341661847599136,43.32435417146584,0.006096875
817,31.246860898057093,0.7385893838052873,43.323045763022186,0.006096875
818,31.22314002558637,0.9210398612300101,43.33316296123153,0.006096875
819,31.194365498080177,1.0883306094628586,43.3508832919453,0.006096875
820,31.161791136362922,1.2443152479602937,43.37410856961919,0.006096875
821,31.126234763463362,1.391429072223981,43.401541487843616,0.006096875
822,31.088266085762527,1.5313287892528784,43.43231428753889,0.006096875
823,31.048301390031032,1.6652026207391597,43.465813013403334,0.006096875
824,31.006656129184087,1.7939374612494599,43.50158456041943,0.006096875
825,30.963576300504762,1.9182162887416472,43.53928334203577,0.006096875
826,30.91925824221622,2.038578436650168,43.57863872054431,0.006096875
827,30.873861692451587,2.1554587069561832,43.61943410705702,0.006096875
828,30.82751872416143,2.2692137580263028,43.6614929981083,0.006096875
829,30.780340047745234,2.380140492295466,43.70466932884701,0.006096875
830,30.732419573500746,2.4884892244279913,43.748840617136516,0.006096875
831,30.683837788705247,2.594473335227986,43.79390297163135,0.006096875
832,30.634664306141655,2.6982764944967315,43.83976737995806,0.006096875
833,30.584959820295786,2.800058162079445,43.88635689758515,0.006096875
834,30.534777631631567,2.899957843941213,43.93360448404301,0.006096875
835,30.60044551161447,2.4223910289115342,43.8944405554831,0.006096875
836,30.68078696308365,1.9673315916884604,43.851135986881786,0.006096875
837,30.780128157245496,1.5411264590309697,43.802444980839326,0.006096875
838,30.90433089184433,1.1524239487851708,43.7466705536882,0.006096875
839,31.060961437814505,0.8124821452658808,43.68160445816965,0.006096875
840,31.258532676539758,0.5341505094539515,43.60472764934992,0.006096875
