time,ammonia,nitrite,nitrate,COD
1,36.38398229114078,1.4529047171555285,19.156488441833673,59.172776646671835
2,36.190709181108794,1.4105628795039116,19.21146627434684,57.737465624860434
3,36.00002966649276,1.3726510324697558,19.26502304320395,56.30393975863194
4,35.81178877390849,1.3388353511087832,19.317252090634312,54.872067851311996
5,35.625830753876485,1.3087787496776504,19.368248472043277,53.441717508920725
6,35.44200197227163,1.2821473776750882,19.41810701799443,52.01275770817479
7,35.26015339096769,1.258616246397676,19.46692062525867,50.585061010860336
8,35.08014257536396,1.2378738318931746,19.514778831247966,49.15850536696304
9,34.9018352097987,1.219625597753873,19.561766696892313,47.7329754873477
10,34.72510613794785,1.2035964638774725,19.607963997361495,46.30836379897062
11,34.549839971834636,1.1895323092826535,19.653444700102053,44.88457101943803
12,34.37593132963547,1.1772006368653827,19.69827669619983,43.46150640276905
13,34.20328477006818,1.1663905475098513,19.74252174376949,42.03908771532538
14,34.03181449161035,1.1569121740851969,19.786235579896815,40.6172410016131
15,33.861443860209256,1.1485957171647352,19.82946815930267,39.19590019587905
16,33.692104821476164,1.1412902082292304,19.872263982030884,37.77500662885386
17,33.523737244247066,1.1348621063857642,19.914662477935952,36.35450847108703
18,33.35628823304071,1.1291938140560898,19.956698421665898,34.93436014615634
19,33.54185959678688,0.6300703459101438,19.949199945952667,33.55039818638932
20,33.802435304686405,0.28944092905940066,19.922116332379417,32.26561910690293
21,34.14120461511959,0.11444095168414045,19.874619540674068,31.08526029882012
22,34.53096547851267,0.048357974088428006,19.813783121524807,29.973943947821468
23,34.94155292236362,0.02791353497811889,19.74745059864477,28.8916613775717
24,35.35821381335224,0.022087175026428377,19.679458136358452,27.81871142425135
25,35.315506692312525,0.33258382110634593,19.61641897812816,26.51561892258331
26,35.21969400404202,0.5089568695852684,19.602367796523705,25.16442384293198
27,35.101122973127254,0.6300424554059533,19.606645860062855,23.79253930262118
28,34.96951342100966,0.7194960711253034,19.620976025385424,22.408663150598034
29,34.829478520487804,0.788263961838207,19.64169648461649,21.01690191593303
30,34.68363253532475,0.842458082675819,19.666817336171547,19.61957406943328
31,34.53362035037917,0.8858857547362924,19.695121805481346,18.218134176445922
32,34.3805513109552,0.9210960398294463,19.72580623420363,16.813560958569518
33,34.225211392528806,0.9498849018251058,19.758310235863824,15.406546538504063
34,34.0681782284322,0.9735664299198123,19.79222710138666,13.997598792285253
35,33.90988841320053,0.9931303172016006,19.827252507807884,12.587101109480516
36,33.750679275173525,1.009338987757976,19.863153249770075,11.175349413454468
37,33.590816054845334,1.0227904564544417,19.89974720045259,9.762576205854376
38,33.43051028403405,1.0339606451101395,19.93688993460341,8.348966800468643
39,33.269932621757896,1.0432328196261387,19.97446549058595,6.9346706439959105
40,33.10922206670484,1.0509186444834986,20.012379805176923,5.519809429900192
41,32.948492725395575,1.0572736037617905,20.05055593201219,4.104483051822501
42,32.78783888581247,1.0625085299216874,20.08893048466005,2.688774061159994
43,32.98260063188723,0.5802311605384229,20.079068683192553,1.3152515417883608
44,33.254224181959415,0.26038693334748697,20.049138864920696,0.04347623332175375
45,33.58926954747437,0.153028026419742,19.974093573597543,0.008096875
46,33.95680796104655,0.09894801707849377,19.890345675548307,0.008096875
47,34.3420159310797,0.0741947683982133,19.80107140515682,0.008096875
48,34.73522733684945,0.06350231152075657,19.709253023478706,0.008096875
49,34.68701941337455,0.3471361208376167,19.670400819881248,0.008096875
50,34.59135047343263,0.5149543554617748,19.679771654810907,0.008096875
51,34.47408109139761,0.6328461785413996,19.70863909485571,0.008096875
52,34.3440772602742,0.7216033484706684,19.748514392304738,0.008096875
53,34.205673874452806,0.7910282011797872,19.795515036448045,0.008096875
54,34.06137425835598,0.8466569501275728,19.847489287775133,0.008096875
55,33.91277580344096,0.8919682650149278,19.90310284938483,0.008096875
56,33.76096844070504,0.9293086690665903,19.961464491214723,0.008096875
57,33.606732457582176,0.9603431603860182,20.021946641619827,0.008096875
58,33.450646957615554,0.9862986602651219,20.08408965617678,0.008096875
59,33.293153880585855,1.0081060259903787,20.147546529613912,0.008096875
60,33.13459801761178,1.0264879531281847,20.21204895673828,0.008096875
61,32.97525319547001,1.042016022905763,20.277385460877476,0.008096875
62,32.815340067530606,1.0551491886285642,20.343386727685537,0.008096875
63,32.65503858834953,1.0662605944373755,20.409915439180416,0.008096875
64,32.4944969976078,1.075656783945199,20.476859026419465,0.008096875
65,32.33383844065328,1.083591786651162,20.544124376784968,0.008096875
66,32.17316594577746,1.0902776616968117,20.61163388703422,0.008096875
67,32.35497153926859,0.7429199504910307,20.583490301797394,0.008096875
68,32.58413927446928,0.46884969914425795,20.54120686334547,0.008096875
69,32.86628325484196,0.27746504960080487,20.48295233817475,0.008096875
70,33.19693872473315,0.1628046218564547,20.409901026273484,0.008096875
71,33.56207177722637,0.10364308057688537,20.32620803004904,0.008096875
72,33.94645170572856,0.0762881777953292,20.236505368218868,0.008096875
73,33.89823176276107,0.3530950463202702,20.199172098780334,0.008096875
74,33.80414507935058,0.5183628904230504,20.208134740902487,0.008096875
75,33.68889654947223,0.6347475964926882,20.23616872918361,0.008096875
76,33.56111326295607,0.722450617179257,20.27503484249779,0.008096875
77,33.42504348254381,0.7910703826814758,20.32093312946726,0.008096875
78,33.28315022279057,0.8460508483300028,20.371748160649002,0.008096875
79,33.13700911661615,0.8908217909133163,20.42616447323525,0.008096875
80,32.987697105357604,0.9277009166769934,20.48330174435831,0.008096875
81,32.835986126554694,0.9583348698193276,20.542539245065466,0.008096875
82,32.68244959995047,0.983938161514232,20.603421896005,0.008096875
83,32.527525413843534,1.0054328456793193,20.665605891180178,0.008096875
84,32.37155535923274,1.023535121119805,20.728825260403593,0.008096875
85,32.21481096887925,1.038811612493988,20.792870290450335,0.008096875
86,32.05751109349654,1.0517173831629425,20.857573038125366,0.008096875
87,31.899834237621775,1.0626224496721515,20.922797278548522,0.008096875
88,31.741927451022153,1.0718307883232958,20.98843133313216,0.008096875
89,31.583912885785956,1.0795942835353365,21.054382827951358,0.008096875
90,31.4258927290202,1.086123174909434,21.120574782332593,0.008096875
91,31.609724203926575,0.7395185804438652,21.09120089113472,0.008096875
92,31.84100413349132,0.46634507423891247,21.04766044645089,0.008096875
93,32.12526339726825,0.27587704356981313,20.98814622752087,0.008096875
94,32.457911639022555,0.16195716970272267,20.91387079093464,0.008096875
95,32.82485417233312,0.10325848692393724,20.829009250817105,0.008096875
96,33.210896316876024,0.07614011788440787,20.73818384040303,0.008096875
97,33.165018272974635,0.35250384889017344,20.699663336168594,0.008096875
98,33.07330837906505,0.5174016653079241,20.7074207990624,0.008096875
99,32.96045487990902,0.6334527406576881,20.734242193522658,0.008096875
100,32.83508029333493,0.7208491671670929,20.771890182637804,0.008096875
101,32.701430779467834,0.7891849643588525,20.816565596586344,0.008096875
102,32.56196811752254,0.8439013894239813,20.86615348085364,0.008096875
103,32.41826709469509,0.8884263047629455,20.919338727218733,0.008096875
104,32.27140400939539,0.9250759240313248,20.9752413094429,0.008096875
105,32.12215027303702,0.9554956516932558,21.033240763115973,0.008096875
106,31.971078851967672,0.9808989233583151,21.092882253630794,0.008096875
107,31.818627229519937,1.0022068311112813,21.153822206277788,0.008096875
108,31.665136826069105,1.0201346953306547,21.215794872106184,0.008096875
109,31.510878829658207,1.0352483267047252,21.278590750908407,0.008096875
110,31.356071767038664,1.0480020269235926,21.342042105221843,0.008096875
111,31.20089383637459,1.058765095220013,21.406012909021243,0.008096875
112,31.045491796705054,1.0678408296891324,21.470391675793284,0.008096875
113,30.88998752385139,1.0754804721380484,21.535086216825892,0.008096875
114,30.734482942402956,1.0818936527703786,21.60001972962362,0.008096875
115,30.920234833010586,0.736055495595246,21.56947686514677,0.008096875
116,31.15352368201677,0.46379522544895063,21.524740081564758,0.008096875
117,31.439794898010273,0.274260092260732,21.46402685913427,0.008096875
118,31.77432998550968,0.16109281973088568,21.388588806700692,0.008096875
119,32.14297299942738,0.1028639095073306,21.302621209308086,0.008096875
120,32.53056637701097,0.07598548959069033,21.210736164495387,0.008096875
121,32.486886944200016,0.35192713353708993,21.171094328447776,0.008096875
122,32.39740809389831,0.51646992739037,21.177714550797553,0.008096875
123,32.2868029959721,0.6322003751878419,21.203391750676413,0.008096875
124,32.163689961076805,0.7193020289838503,21.239890219314884,0.008096875
125,32.03231319248245,0.7873648131701829,21.283411483171825,0.008096875
126,31.895133308635558,0.8418274476709702,21.331841023664673,0.008096875
127,31.75372429535764,0.8861159776723351,21.38386406542762,0.008096875
128,31.60916183742254,0.922545190160241,21.438600864905375,0.008096875
129,31.462216841052005,0.952759298549131,21.495431212271487,0.008096875
130,31.313461835120027,0.9779707012329352,21.553900509940323,0.008096875
131,31.163333910722944,0.9990995602094951,21.613665408108773,0.008096875
132,31.012174128209214,1.0168603447410294,21.674460373533332,0.008096875
133,30.86025334001423,1.0318180757483373,21.73607611405987,0.008096875
134,30.707789756961816,1.0444263151920474,21.79834509338707,0.008096875
135,30.55496127806865,1.0550536652295206,21.861131480059054,0.008096875
136,30.401914378239475,1.0640027646567305,21.924323975569724,0.008096875
137,30.24877066311011,1.0715242305014012,21.98783057252927,0.008096875
138,30.09563180040091,1.0778271005024638,22.051574642881135,0.008096875
139,30.283178248639576,0.7327273544199933,22.019928471512138,0.008096875
140,30.51834682193472,0.4613466437467956,21.974062069285377,0.008096875
141,30.806499928077468,0.2727086931752214,21.91221693178014,0.008096875
142,31.1427956990643,0.16026363023457485,21.835682289239042,0.008096875
143,31.513020124728975,0.10248464131853048,21.74867256555452,0.008096875
144,31.9020519245831,0.07583577788497953,21.655789909729435,0.008096875
145,31.860431311191522,0.3513721203991614,21.615091300380836,0.008096875
146,31.773042458281438,0.5155739658149113,21.620639374010185,0.008096875
147,31.66454412099113,0.630996606460779,21.645237629683763,0.008096875
148,31.54355057998987,0.7178154045284352,21.68065193095497,0.008096875
149,31.414304160909445,0.7856163466191685,21.723084480446882,0.008096875
150,31.279264366126103,0.8398357076160674,21.770421184290544,0.008096875
151,31.140004409160635,0.8838977784651634,21.821347591956393,0.008096875
152,30.997599382020866,0.9201159669561799,21.874984235996713,0.008096875
153,30.852819701850677,0.9501333337801848,21.930711155350657,0.008096875
154,30.70623747320097,0.9751612726178744,21.988073984079065,0.008096875
155,30.55828940612923,0.9961190439541204,22.046729592191728,0.008096875
156,30.409316210802885,1.0137202917305224,22.106412657251433,0.008096875
157,30.25958841291878,1.0285292708473583,22.16691409039909,0.008096875
158,30.109323915504444,1.0409988257114067,22.228066551851068,0.008096875
159,29.95870032597789,1.051496882327672,22.28973440017861,0.008096875
160,29.807863842177774,1.0603254400786621,22.35180652043682,0.008096875
161,29.656935806208306,1.0677345102069595,22.414191082209687,0.008096875
162,29.50601763520288,1.0739325561879787,22.47681162763343,0.008096875
163,29.69523840982962,0.7295415712685435,22.444124587553773,0.008096875
164,29.932162891198423,0.45900474015315795,22.397192131268845,0.008096875
165,30.222073225167343,0.2712262785984202,22.33427900187585,0.008096875
166,30.560009249666116,0.15947157261598385,22.256710522264687,0.008096875
167,30.931702142939535,0.10212182342684918,22.168719202593692,0.008096875
168,31.322065934410713,0.07569171845771067,22.074897473933824,0.008096875
169,31.2823699799534,0.35084023117537033,22.033203243299024,0.008096875
170,31.196935666884112,0.5147158551716594,22.037740877151254,0.008096875
171,31.090407993778427,0.6298441013747305,22.06132208935929,0.008096875
172,30.97139739074875,0.7163924946738485,22.0957142588492,0.008096875
173,30.844144387022023,0.7839432454316333,22.137120242739165,0.008096875
174,30.711107415337864,0.8379302797797391,22.183426359236122,0.008096875
175,30.573858947542224,0.8817762011073836,22.23331847335033,0.008096875
176,30.43347350518302,0.9177930888765657,22.28591738599306,0.008096875
177,30.29072103379867,0.9476228925248381,22.340603377954416,0.008096875
178,30.146173228069895,0.9724760364630355,22.396922308527273,0.008096875
179,30.000266429469136,0.993270911008948,22.45453126144724,0.008096875
180,29.85334100904545,1.0107203632039086,22.51316511922835,0.008096875
181,29.70566717580415,1.0253879081654966,22.572614990630257,0.008096875
182,29.557462534246767,1.0377256972871896,22.632713726860388,0.008096875
183,29.40890440884085,1.0481010035879608,22.693325871125964,0.008096875
184,29.260138728484502,1.0568152090463532,22.754340486783533,0.008096875
185,29.11128657941806,1.0641177401193234,22.815665915264308,0.008096875
186,28.962449135439037,1.0702165061072182,22.877225863909437,0.008096875
187,29.153229650298503,0.7265033982112948,22.843557291652175,0.008096875
188,29.39179169099577,0.45677326351989667,22.795619296129964,0.008096875
189,29.683340103952062,0.26981516340313505,22.7316990314334,0.008096875
190,30.022801741541794,0.15871796382766085,22.653156311426205,0.008096875
191,30.39585623507621,0.1017762434450434,22.56424067488612,0.008096875
192,30.787451829764393,0.07555385279724151,22.469535104542352,0.008096875
193,30.749552096504793,0.35033250997427257,22.426903153975886,0.008096875
194,30.66594255392344,0.5138971113906933,22.430488829862814,0.008096875
195,30.56125510090802,0.628744798431692,22.453111700689657,0.008096875
196,30.44409649814386,0.71503561371006,22.48654060231261,0.008096875
197,30.318705561226427,0.7823481565236847,22.526979023197242,0.008096875
198,30.18753970104455,0.8361141039332942,22.5723136797247,0.008096875
199,30.052170679629814,0.8797544415213048,22.621230742040574,0.008096875
200,29.913672471538966,0.9155799740891121,22.672851270663156,0.008096875
201,29.772814569292986,0.9452315838795436,22.726555780386555,0.008096875
202,29.630168273236265,0.9699187638984704,22.781890348441163,0.008096875
203,29.486169569762367,0.9905590679244369,22.83851226536194,0.008096875
204,29.341158502889584,1.0078645766785503,22.896156611954613,0.008096875
205,29.195404975976114,1.0223980937812558,22.954614688148244,0.008096875
206,29.049126305236115,1.0346111040947596,23.013719529871857,0.008096875
207,28.902499541771064,1.0448702526563982,23.07333585886518,0.008096875
208,28.755670354566988,1.0534763277861316,23.133352910844525,0.008096875
209,28.608759582535132,1.0606781937888958,23.193679193310558,0.008096875
210,28.46186816421797,1.0666832274108584,23.254238573202404,0.008096875
211,28.654099457559,0.7236162271476136,23.219644824065504,0.008096875
212,28.89418621526952,0.4546545454649641,23.170758857136285,0.008096875
213,29.18725912837877,0.2684767202404243,23.10588934476374,0.008096875
214,29.528137530946495,0.15800357494545605,23.026428939042127,0.008096875
215,29.902452744405988,0.10144839657644092,22.93664315702585,0.008096875
216,30.295186029885198,0.07542256262225545,22.841105836955016,0.008096875
217,30.25895987125203,0.34984965904550824,22.797590962174144,0.008096875
218,30.177051096523616,0.5131187362308745,22.800280076897728,0.008096875
219,30.074079159273072,0.627699962249552,22.822000246913998,0.008096875
220,29.958647332706256,0.7137462540628052,22.85452170509835,0.008096875
221,29.834992802523892,0.7808327677640002,22.894048546821143,0.008096875
222,29.705572006483305,0.8343890336023325,22.938467871665743,0.008096875
223,29.571956029566724,0.8778344914667362,22.98646614358441,0.008096875
224,29.43521832369381,0.9134787273408664,23.03716467311905,0.008096875
225,29.296127947828428,0.942961602356856,23.089944200451818,0.008096875
226,29.15525582437368,0.9674917178828807,23.14435101273123,0.008096875
227,29.013037598999837,0.9879858265836017,23.200042599675186,0.008096875
228,28.869813001617164,1.0051552751434212,23.256754233060704,0.008096875
229,28.725851641799302,1.0195621855865873,23.31427739690286,0.008096875
230,28.58137055850942,1.0316574042561464,23.372445304974793,0.008096875
231,28.436546539842315,1.0418069746579859,23.431122850862867,0.008096875
232,28.29152500464925,1.050311116560359,23.490199436144902,0.008096875
233,28.146426553767974,1.0574181560265898,23.549583728083892,0.008096875
234,28.00135189925701,1.0633349600613935,23.609199747106988,0.008096875
235,28.194930594077906,0.7208817474326022,23.573734306535258,0.008096875
236,28.436434746643553,0.4526496340012741,23.523955084498823,0.008096875
237,28.73092417637491,0.2672114795661899,23.45819133508343,0.008096875
238,29.073116258938217,0.15732869586159895,23.377866865079458,0.008096875
239,29.44859718313845,0.10113852364193922,23.28726213714384,0.008096875
240,29.842379937861487,0.07529809251180614,23.190942177981483,0.008096875
241,29.807710541337443,0.3493920703143178,23.146596204655182,0.008096875
242,29.727384352052358,0.5123812608790307,23.14844120159858,0.008096875
243,29.626009028120873,0.6267102393752777,23.169311376613773,0.008096875
244,29.512184537044696,0.7125251539886979,23.200978298404547,0.008096875
245,29.39014651873551,0.7793978870855768,23.239646643730705,0.008096875
246,29.262350487056974,0.8327559260898175,23.28320387953686,0.008096875
247,29.130366883288637,0.8760172389630051,23.330336751511002,0.008096875
248,28.99526866168379,0.9114902502733008,23.380166809971207,0.008096875
249,28.857824467746546,0.9408138476003481,23.432075011258895,0.008096875
250,28.718604862982026,0.9651957818406836,23.48560784384514,0.008096875
251,28.57804516734506,0.9855520413004962,23.54042298846625,0.008096875
252,28.43648481021118,1.0025932721758744,23.596255900026165,0.008096875
253,28.29419311987537,1.0168809459967028,23.652898239040738,0.008096875
254,28.151386869717996,1.0288652997356962,23.71018338976928,0.008096875
255,28.008242595802788,1.0389118028889697,23.767976410499465,0.008096875
256,27.864905477221132,1.0473201327849653,23.826166861735405,0.008096875
257,27.721495886569315,1.0543381020932594,23.88466356377981,0.008096875
258,27.57811431874681,1.0601720917588289,23.943390684045927,0.008096875
259,27.772942563082378,0.7183001110897911,23.90710427270668,0.008096875
260,28.015762296006493,0.45075842944940303,23.85648375122215,0.008096875
261,28.311565848203394,0.2660192281155582,23.789877987191684,0.008096875
262,28.654974229298396,0.15669319693386985,23.70874024631554,0.008096875
263,29.031531586723755,0.10084664612785738,23.617364930357923,0.008096875
264,29.426281278784007,0.0751805699880772,23.520308611162438,0.008096875
265,29.393057680275966,0.34895985728131784,23.47518052347751,0.008096875
266,29.31420173926003,0.5116847915198185,23.476231016484423,0.008096875
267,29.214309961222597,0.6257757172798893,23.49630108680575,0.008096875
268,29.101979188529512,0.7113723694504314,23.527163576805442,0.008096875
269,28.981443599190587,0.7780435266316658,23.565023718290124,0.008096875
270,28.855157832530697,0.831214738277549,23.60776932905929,0.008096875
271,28.724691719747067,0.8743025751440607,23.654087423900176,0.008096875
272,28.591117742757607,0.9096143587492362,23.70309978215589,0.008096875
273,28.4552041541167,0.9387880516240956,23.75418756663436,0.008096875
274,28.317521171919708,0.9630305962780099,23.80689745809793,0.008096875
275,28.17850380587764,0.9832572542999813,23.86088731972289,0.008096875
276,28.03849119887752,1.0001780057954552,23.915892781300798,0.008096875
277,27.897752410916546,1.01435370371088,23.971705671885584,0.008096875
278,27.756503961931706,1.026234005563023,24.028159538504312,0.008096875
279,27.614922147394388,1.036183835079002,24.085119596657865,0.008096875
280,27.473151917462413,1.0445023539294593,24.142475558515635,0.008096875
281,27.331313426759532,1.0514368868572062,24.20013639039025,0.008096875
282,27.189506962771556,1.057193352996136,24.258026399889573,0.008096875
283,27.38549234929111,0.715870103616612,24.220967074561106,0.008096875
284,27.62953131650622,0.44897982153743243,24.169554537089983,0.008096875
285,27.926552149625813,0.26489910552317475,24.102156280180175,0.008096875
286,28.271085062972574,0.15609658779651536,24.020253337073207,0.008096875
287,28.64863514715591,0.10057259866717466,23.92815307513231,0.008096875
288,29.04427471950682,0.07507002351474937,23.83040398632676,0.008096875
289,29.012391787359803,0.3485528871346662,23.78454005031413,0.008096875
290,28.934899596954423,0.5110290563436202,23.78484294197886,0.008096875
291,28.836384134202408,0.6248959856868116,23.80416009636512,0.008096875
292,28.725439294669094,0.7102873490388282,23.834265566728224,0.008096875
293,28.606297877568185,0.7767689905368687,23.871365113006966,0.008096875
294,28.481413696779356,0.8297646265547655,23.913346886883314,0.008096875
295,28.352356007022706,0.8726895056536993,23.958898159211504,0.008096875
296,28.220196843332282,0.907849905065726,24.007140927255797,0.008096875
297,28.085704086024915,0.9368829112256005,24.057456550273756,0.008096875
298,27.949447627528038,0.9609947008083491,24.109391891983265,0.008096875
299,27.811862183066175,0.9810998467978875,24.162604989133882,0.008096875
300,27.673286623389238,0.9979076980684641,24.216831637890802,0.008096875
301,27.533989753492968,1.011978521338441,24.271863827621903,0.008096875
302,27.394187852329313,1.023761425003792,24.327535260155127,0.008096875
303,27.25405698653318,1.0336208156556428,24.383711300481224,0.008096875
304,27.113741888466993,1.0418553664488432,24.44028180495247,0.008096875
305,26.973362505354636,1.0487119399915514,24.497155878654112,0.008096875
306,26.833018927306792,1.0543960181436152,24.554257962404087,0.008096875
307,27.030074392181554,0.713589317331223,24.51647121426629,0.008096875
308,27.275241650211157,0.44731182578018375,24.464313359636357,0.008096875
309,27.573388408702584,0.26384969822682874,24.39616951847943,0.008096875
310,27.918959588206594,0.15553807317099708,24.31354681934454,0.008096875
311,28.297424084565176,0.1003160591207724,24.220764659936837,0.008096875
312,28.69388172927355,0.07496639869482455,24.12236384038227,0.008096875
313,28.66324011725877,0.3481708127095414,24.075807723275496,0.008096875
314,28.587010981898988,0.5104134531905024,24.075407319193793,0.008096875
315,28.489770410014426,0.6240701990612914,24.094016155110168,0.008096875
316,28.380109525494454,0.7092690104364122,24.123409432217564,0.008096875
317,28.262259830558353,0.7755729645312125,24.15979341135515,0.008096875
318,28.13867436212526,0.8284040487753879,24.201056560840083,0.008096875
319,28.010921831763024,0.8711762642134482,24.245886394324167,0.008096875
320,27.88007385297354,0.9061949024317179,24.29340511567715,0.008096875
321,27.746897954556708,0.9350962227110117,24.342994270393998,0.008096875
322,27.611963721090255,0.959085678499241,24.394200895629634,0.008096875
323,27.47570558919033,0.9790771923771568,24.44668319266719,0.008096875
324,27.33846217197017,0.995779516953912,24.500177115367872,0.008096875
325,27.20050203288692,1.0097523651858513,24.55447480503453,0.008096875
326,27.062041222542156,1.0214443267890185,24.60941011018359,0.008096875
327,26.923255590671086,1.0312193199456097,24.66484853743648,0.008096875
328,26.784289663160067,1.0393755565143155,24.72068007971989,0.008096875
329,26.64526319058415,1.0461594628185715,24.77681397353839,0.008096875
330,26.506276075891726,1.051776108017002,24.833174785829716,0.008096875
331,26.704319777508186,0.7114543238295982,24.794703637287636,0.008096875
332,26.950529693841563,0.4457517169375611,24.741844667459777,0.008096875
333,27.24971641324412,0.2628691295786602,24.67299962612825,0.008096875
334,27.596244953759236,0.15501660535449052,24.589700096782682,0.008096875
335,27.975550744597616,0.10007657629817532,24.496276614347856,0.008096875
336,28.372759668683944,0.07486957284506092,24.39726268318467,0.008096875
337,28.343265738394138,0.34781310382960295,24.350055569671678,0.008096875
338,28.268204695698167,0.5098370969154251,24.348993689733014,0.008096875
339,28.172143333553265,0.6232971389631655,24.36693632102795,0.008096875
340,28.063670175188676,0.7083158167821246,24.395659749975753,0.008096875
341,27.947015505854655,0.7744536054140188,24.431370711013134,0.008096875
342,27.82463163307323,0.8271308660023613,24.471957971748235,0.008096875
343,27.698086758066857,0.8697604258542716,24.516109275270274,0.008096875
344,27.568452097858604,0.904646648953029,24.562947020655205,0.008096875
345,27.436494850284934,0.9334250159434948,24.61185292934579,0.008096875
346,27.30278430980822,0.9573002993347219,24.662374202342825,0.008096875
347,27.167754650284582,0.9771858092528998,24.71416919635531,0.008096875
348,27.031744241697258,0.9937897367953336,24.766974014199484,0.008096875
349,26.895021419457787,1.0076712734332889,24.820580940676205,0.008096875
350,26.757802018497905,1.019278520466679,24.874823962825705,0.008096875
351,26.620261683645147,1.028974936222708,24.929568720994563,0.008096875
352,26.482544745689825,1.037058298308567,24.984705337035603,0.008096875
353,26.344770769372865,1.0437746224320597,25.04014317148608,0.008096875
354,26.207039480757167,1.0493285894341202,25.095806910286818,0.008096875
355,26.40599465943988,0.7094608421548464,25.056692011068346,0.008096875
356,26.65316679659563,0.4442961573684929,25.00317371977156,0.008096875
357,26.95331278250858,0.26195514507829265,24.93366942775711,0.008096875
358,27.300722979112194,0.154530933024622,24.849733575720204,0.008096875
359,27.68080193558639,0.09985359530079843,24.755706987486448,0.008096875
360,28.078700120955048,0.07477936806231397,24.656116271154016,0.008096875
361,28.050265835012418,0.347479077544523,24.60829697705478,0.008096875
362,27.97628355664356,0.5092988655615707,24.606613064476335,0.008096875
363,27.881311372453947,0.622575274986436,24.623929227207306,0.008096875
364,27.773935371122448,0.7074258513374762,24.65202277484208,0.008096875
365,27.6583846987655,0.7734086285053635,24.687100888269896,0.008096875
366,27.537110979877095,0.8259424418798786,24.727052617112015,0.008096875
367,27.411681937414382,0.8684390174080001,24.77056592057597,0.008096875
368,27.283168416501837,0.9032018484954899,24.816763381576912,0.008096875
369,27.152337304243627,0.9318656848784833,24.86502688724321,0.008096875
370,27.019757622493916,0.9556346597666426,24.914903792856283,0.008096875
371,26.885863298032785,0.9754215082239371,24.966052601468707,0.008096875
372,26.750992472098485,0.9919338940944475,25.01820955613739,0.008096875
373,26.615413265457526,1.0057305191879318,25.07116707675224,0.008096875
374,26.479341309980178,1.017259026226112,25.12475928074327,0.008096875
375,26.342952057520602,1.0268824418271825,25.17885193431014,0.008096875
376,26.206389655105475,1.0348981359948783,25.233335280620217,0.008096875
377,26.06977349241549,1.041551739100681,25.288118796897304,0.008096875
378,25.933203128869614,1.0470475676654298,25.34312728101173,0.008096875
379,26.132997949285677,0.7076038996011841,25.30340700395603,0.008096875
380,26.38105692660896,0.4429413183236782,25.249268866508544,0.008096875
381,26.682086610165573,0.2611051917665975,25.17914493029044,0.008096875
382,27.03030777894456,0.1540796460379616,25.094610946958188,0.008096875
383,27.411096542811347,0.09964648046035163,25.00001722733918,0.008096875
384,27.809626502687816,0.07469556286508704,24.89988388201849,0.008096875
385,27.78216929097719,0.34716792681269315,24.851488965666935,0.008096875
386,27.709181955410376,0.5087974445106992,24.84922019416669,0.008096875
387,27.615214443871366,0.621902823132909,24.865947350983873,0.008096875
388,27.508850571009077,0.7065968890175841,24.893448707888187,0.008096875
389,27.394318419099303,0.7724353913839428,24.92793186544275,0.008096875
390,27.274068974550413,0.824835737712089,24.967286138215677,0.008096875
391,27.14966951322924,0.8672086231283087,25.010199688371838,0.008096875
392,27.022190532318163,0.9018567261063919,25.055795271431474,0.008096875
393,26.892398627962972,0.9304141120936209,25.103454930066853,0.008096875
394,26.760862566565123,0.9540843157060506,25.152726164386717,0.008096875
395,26.628016043230605,0.9737795335199957,25.203267614812695,0.008096875
396,26.494196984603583,0.990206935647128,25.2548156560326,0.008096875
397,26.3596733100057,1.0039247653781047,25.30716283472029,0.008096875
398,26.22466046067807,1.0153802360541728,25.360143390664447,0.008096875
399,26.089333707277948,1.0249359701206024,25.41362320814891,0.008096875
400,25.95383702425685,1.032888956038823,25.467492644147804,0.008096875
401,25.818289636876514,1.0394844635544458,25.521661285328793,0.008096875
402,25.68279094803006,1.0449264683117714,25.576054034522897,0.008096875
403,25.883358326353296,0.7058779825779995,25.53576457121509,0.008096875
404,26.132233662044655,0.4416829925762219,25.481043835569427,0.008096875
405,26.434076434884236,0.26031649102307863,25.410337611667853,0.008096875
406,26.783042718379193,0.15366121598523694,25.325241474427855,0.008096875
407,27.16448247631771,0.09945453586281339,25.230114466921066,0.008096875
408,27.5635910104817,0.07461790248075298,25.12947059652946,0.008096875
409,27.53703361223952,0.3468787472488653,25.08053446794603,0.008096875
410,27.464962752237977,0.5083313679126378,25.077715847218617,0.008096875
411,27.37192078557083,0.6212778006558545,25.093889290469228,0.008096875
412,27.2664894072257,0.7058264635904709,25.120833972048125,0.008096875
413,27.152895708100207,0.771530972508335,25.154757885964397,0.008096875
414,27.033590079841726,0.82380740166091,25.193550595004783,0.008096875
415,26.910139381348735,0.8660654836885936,25.23590045138912,0.008096875
416,26.783613785067878,0.9006071360934598,25.280930372229793,0.008096875
417,26.654779615389742,0.9290657852799746,25.328022545800472,0.008096875
418,26.524205399960657,0.9526444068027864,25.376724607770505,0.008096875
419,26.392324617231857,0.9722546942870791,25.426695327133952,0.008096875
420,26.25947499307335,0.9886033566903981,25.47767120177194,0.008096875
421,26.12592425826853,1.0022482090538363,25.52944489700512,0.008096875
422,25.991887675596143,1.0136360637155324,25.581850767114926,0.008096875
423,25.85754034604872,1.0231291657045236,25.634754806863473,0.008096875
424,25.723026082464106,1.031024147254744,25.68804747968412,0.008096875
425,25.588463956113927,1.037565941477913,25.741638474604603,0.008096875
426,25.45395322328351,1.0429582058911762,25.795452792603555,0.008096875
427,25.655230641484206,0.7042771755560976,25.75462824880796,0.008096875
428,25.904856577676973,0.44051669720812614,25.699360027643035,0.008096875
429,26.207446609637866,0.25958610425135403,25.628106716862,0.008096875
430,26.557096770140983,0.1532740323736069,25.542482290863248,0.008096875
431,26.939133023335067,0.09927702348083835,25.446853817321166,0.008096875
432,27.33877097427306,0.07454610784739635,25.345729587109354,0.008096875
433,27.31304125929195,0.34661056164654813,25.296284614911748,0.008096875
434,27.241813587371865,0.5078990568560925,25.29294909439699,0.008096875
435,27.14962324359921,0.6206980766316181,25.308602047928236,0.008096875
436,27.045049951075658,0.7051119296267078,25.335023494555195,0.008096875
437,26.932319878726734,0.7706922436498609,25.368421796213454,0.008096875
438,26.81388286499465,0.822853850855702,25.40668674762587,0.008096875
439,26.691305380759335,0.8650055872302903,25.448506878509217,0.008096875
440,26.565657296086002,0.8994486613300583,25.493005256849187,0.008096875
441,26.43770468214896,0.927815904171291,25.539564206844478,0.008096875
442,26.308015843991324,0.9513097704097981,25.587731490707096,0.008096875
443,26.177024057962154,0.970841485037996,25.6371659974435,0.008096875
444,26.04506686256565,0.9871173273275934,25.687604339919336,0.008096875
445,25.912411812582086,1.000694713310082,25.738839294187073,0.008096875
446,25.779274004153194,1.0120200817304077,25.79070532137214,0.008096875
447,25.645828379821893,1.0214553260404484,25.843068519321285,0.008096875
448,25.51221860147657,1.0292967466854859,25.895819450787922,0.008096875
449,25.378563596547444,1.0357889632953774,25.94886790027968,0.008096875
450,25.24496248436607,1.041135337201994,26.002138960309125,0.008096875
451,25.446891794162667,0.7027952867400562,25.960811451005217,0.008096875
452,25.69720710805078,0.4394377658026039,25.905028814532415,0.008096875
453,26.000483150907716,0.25891099118459227,25.833261556962373,0.008096875
454,26.350760354760137,0.15291643441827413,25.74714069616327,0.008096875
455,26.733342686271786,0.09911317897527534,25.65104066325183,0.008096875
456,27.133464698174976,0.07447988340363247,25.54946440900705,0.008096875
457,27.108495470630075,0.34636234208173683,25.499541024915565,0.008096875
458,27.03804268607301,0.5074988539108818,25.495719595727678,0.008096875
459,26.94663505813795,0.6201614177474983,25.51088331523485,0.008096875
460,26.842850478899635,0.70445051856844,25.536812991278847,0.008096875
461,26.730914261494707,0.7699159354042723,25.569717329042273,0.008096875
462,26.61327573083386,0.8219713455948376,25.60748633943603,0.008096875
463,26.491500997466016,0.8640247515670243,25.648808717529416,0.008096875
464,26.366659650497127,0.8983767028285631,25.692807671817135,0.008096875
465,26.239517525685972,0.9266594768998774,25.73886565306725,0.008096875
466,26.110642721008677,0.9500750441764945,25.786530541315663,0.008096875
467,25.98046832473035,0.9695341939762142,25.835461337306462,0.008096875
468,25.84933170092046,0.9857428061111182,25.885394760955286,0.008096875
469,25.71750024045585,0.9992579256898985,25.936123691397796,0.008096875
470,25.585188884263765,1.0105256441908796,25.98748268921374,0.008096875
471,25.452572427275488,1.0199075283016008,26.039337948193804,0.008096875
472,25.31979439073934,1.027699570139837,26.0915801235189,0.008096875
473,25.186973568057674,1.0341460980707913,26.144119088536698,0.008096875
474,25.05420895094473,1.0394501982871889,26.196880020913802,0.008096875
475,25.2567361700136,0.7014259597060337,26.15507976463772,0.008096875
476,25.50768397409143,0.4384414297009875,26.098813833685174,0.008096875
477,25.81158915464302,0.2582880607740081,26.026563803954517,0.008096875
478,26.162440750544505,0.15258673853028792,25.939976451024833,0.008096875
479,26.54552259280601,0.0989622252632506,25.843432953654784,0.008096875
480,26.94608687512024,0.07441892374637285,25.741431286490258,0.008096875
481,26.921815663609546,0.34613302949869856,25.69105808722791,0.008096875
482,26.85207424469141,0.5071290538331416,25.686779882035673,0.008096875
483,26.761385234155167,0.6196655290144628,25.701483753718552,0.008096875
484,26.658324826778113,0.7038393885600729,25.726951245186257,0.008096875
485,26.547117542757412,0.7691986953710064,25.759391381134435,0.008096875
486,26.430212231185997,0.8211560551848298,25.796694373518765,0.008096875
487,26.309174668642243,0.8631186970562906,25.837549071085892,0.008096875
488,26.185074183704284,0.8973865590676092,25.881078812877202,0.008096875
489,26.058676393722706,0.9255914052458397,25.926666167238068,0.008096875
490,25.93054920447305,0.9489347567251417,25.973859123648936,0.008096875
491,25.801125529567994,0.9683269986400088,26.02231678663953,0.008096875
492,25.670742571044862,0.9844736402277022,26.07177597555168,0.008096875
493,25.539667567491467,0.9979313825148795,26.12202966525626,0.008096875
494,25.408115315591242,1.0091459948694945,26.17291250869014,0.008096875
495,25.276260473077755,1.0184787409199794,26.224290788731526,0.008096875
496,25.14424643046817,1.0262253268641761,26.276055246373016,0.008096875
497,25.012191856571118,1.0326298110145449,26.32811583743139,0.008096875
498,24.880195624460413,1.0378950245099146,26.380397818608213,0.008096875
499,25.08327072746224,0.700162770778243,26.338153230743426,0.008096875
500,25.334798261888675,0.4375228883445808,26.28143326962467,0.008096875
501,25.639279867582513,0.2577142148246555,26.208729771849843,0.008096875
502,25.990657161724165,0.1522832616772233,26.121704056487943,0.008096875
503,26.37419556623953,0.0988233839820797,26.024743478001874,0.008096875
504,26.775163663240495,0.07436291924294314,25.92234138470805,0.008096875
505,26.7515325005777,0.34592155076365216,25.871545231072513,0.008096875
506,26.682443485647777,0.5067879303702633,25.86683762167775,0.008096875
507,26.592413584668773,0.6192080893105908,25.88110925892007,0.008096875
508,26.490017421609462,0.7032756679268132,25.906142369396886,0.008096875
509,26.379478783182517,0.7685371388747266,25.93814627460916,0.008096875
510,26.263246078370813,0.8204041152870306,25.97501137307273,0.008096875
511,26.142884774774398,0.8622831100096044,26.015426656047357,0.008096875
512,26.01946395984517,0.8964734949499122,26.05851558359649,0.008096875
513,25.893749048700197,0.9246065586664133,26.1036608330467,0.008096875
514,25.766307769072963,0.9478834063108538,26.150410495313277,0.008096875
515,25.637572872729848,0.9672140487844432,26.198423771110882,0.008096875
516,25.507881411512336,0.9833036522235692,26.247437571921417,0.008096875
517,25.37750048281087,0.996708599102589,26.29724496132982,0.008096875
518,25.246644749547457,1.0078743606042877,26.34768067784973,0.008096875
519,25.11548874221201,1.017161919839008,26.39861108689854,0.008096875
520,24.984175730064393,1.0248667183862117,26.449927008963645,0.008096875
521,24.852824266341198,1.0312325646638054,26.501538476250083,0.008096875
522,24.721533114061227,1.0364620538367417,26.553370818655825,0.008096875
523,24.92510982092585,0.698999312369617,26.510708603289608,0.008096875
524,25.177168240884065,0.4366773690231729,26.45356211194314,0.008096875
525,25.48217750096864,0.2571863847066671,26.38043267382373,0.008096875
526,25.834035531548192,0.15200434086490094,26.292995009062206,0.008096875
527,26.21799094263449,0.09869588500308968,26.1956421179733,0.008096875
528,26.619327510263705,0.07431156068888112,26.092863056911966,0.008096875
529,26.596282706399805,0.34572683324447384,26.041669169793092,0.008096875
530,26.527791467289667,0.5064737592256267,26.03655786214174,0.008096875
531,26.43836553243735,0.6187867818283032,26.05042319991281,0.008096875
532,26.33657807423025,0.7027564923933016,26.075048044470073,0.008096875
533,26.22665220194109,0.7679278923449107,26.10664199249556,0.008096875
534,26.111035918126884,0.8197116769143946,26.143095615277222,0.008096875
535,25.991294405013317,0.8615136968129362,26.18309803596467,0.008096875
536,25.868496527275116,0.8956328005939845,26.22577282658169,0.008096875
537,25.74340751311448,0.9236998373419225,26.270502765258723,0.008096875
538,25.616594925648066,0.946915527736282,26.31683603672681,0.008096875
539,25.488491366951752,0.966189536808042,26.364431930656284,0.008096875
540,25.359433749914885,0.9822267136129292,26.413027443739807,0.008096875
541,25.2296890412737,0.9955831462515986,26.46241572159992,0.008096875
542,25.099471780157263,1.0067040303784316,26.512431581881106,0.008096875
543,24.968956379281043,1.0159500899279479,26.562941466315774,0.008096875
544,24.838285995662112,1.023616522024973,26.613836268883762,0.008096875
545,24.707579075550413,1.0299469042685157,26.665026092401824,0.008096875
546,24.576934280080987,1.0351436138985137,26.71643633442002,0.008096875
547,24.780969843813757,0.697929262872936,26.673381574384376,0.008096875
548,25.033514004530257,0.4359001765872131,26.615834379279537,0.008096875
549,25.339005869465833,0.25670156159402535,26.542304844808644,0.008096875
550,25.69130318285962,0.15174834904014492,26.45448002091409,0.008096875
551,26.07563921699265,0.09857897416639815,26.356758064019417,0.008096875
552,26.4773118079561,0.07426454310542824,26.253624056559143,0.008096875
553,26.45480371916002,0.3455478170322429,26.202056109693206,0.008096875
554,26.386859730159433,0.5061848373418264,26.196565236060497,0.008096875
555,26.2979867513715,0.618399319631985,26.210048622745003,0.008096875
556,26.19675661562538,0.7022790362988454,26.234289719485833,0.008096875
557,26.08739180741074,0.7673676296607309,26.265498377642835,0.008096875
558,25.97233995452597,0.8190749474366525,26.30156532820912,0.008096875
559,25.853165976036145,0.8608062291669291,26.34117981615981,0.008096875
560,25.73093853112869,0.8948598404201306,26.383465516896567,0.008096875
561,25.606422675542547,0.9228662247492656,26.427805301609336,0.008096875
562,25.480185820456903,0.9460257480819135,26.473747441629907,0.008096875
563,25.35266042974779,0.9652477563343909,26.52095130873879,0.008096875
564,25.224183287988843,0.9812368060286843,26.56915397827869,0.008096875
565,25.095021241241025,0.9945487137008191,26.618148671589484,0.008096875
566,24.96538871427924,1.0056284208481503,26.667770279345014,0.008096875
567,24.835460011013282,1.0148364123574851,26.71788531370302,0.008096875
568,24.70537818475713,1.0224676599113522,26.768384736456948,0.008096875
569,24.575261582908464,1.0287655282711385,26.819178715571883,0.008096875
570,24.44520877246136,1.0339321937595383,26.870192711007448,0.008096875
571,24.649663768512085,0.6969464439589506,26.826768955743674,0.008096875
572,24.902652010340756,0.43518673385182394,26.768845299079345,0.008096875
573,25.20858493190569,0.25625682076878953,26.694939919381024,0.008096875
574,25.561283362469037,0.15151370774783257,26.606751194997205,0.008096875
575,25.945966594528866,0.09847191941715917,26.50868198672221,0.008096875
576,26.347945452436086,0.07422156877107478,26.40521370423242,0.008096875
577,26.325928249561,0.34538346496333433,26.353293913510196,0.008096875
578,26.258484854895062,0.5059194987350448,26.347446121624586,0.008096875
579,26.170117722581153,0.6180434666326604,26.36057040800911,0.008096875
580,26.069397450834117,0.7018405381884493,26.384450766951918,0.008096875
581,25.960545948685088,0.7668531019111168,26.415297285126506,0.008096875
582,25.84601049885201,0.8184902241124543,26.451000840897127,0.008096875
583,25.727355778076674,0.8601565810320283,26.49025079156899,0.008096875
584,25.605650256295192,0.8941500931803522,26.53217090782564,0.008096875
585,25.481658830368968,0.922100830474997,26.57614414661213,0.008096875
586,25.355948771470786,0.9452088320244327,26.62171885905635,0.008096875
587,25.228952416097993,0.9643831497794704,26.66855449259344,0.008096875
588,25.101006430531445,0.980328070802399,26.716388195029545,0.008096875
589,24.97237754956494,0.9935991615044413,26.765013257462655,0.008096875
590,24.843280092521386,1.0046411293124407,26.814264637844595,0.008096875
591,24.713888262965728,1.0138142389805296,26.864008913206895,0.008096875
592,24.584345018566175,1.021413254611658,26.914137107805622,0.008096875
593,24.454768615544396,1.0276813450192186,26.964559449607076,0.008096875
594,24.325257534060345,1.032820501579005,27.01520145604314,0.008096875
595,24.530095653046818,0.6960448663227773,26.971430806964932,0.008096875
596,24.783489588737506,0.4345326135321899,26.913153433735225,0.008096875
597,25.089825302949784,0.2558493405796079,26.83889495559787,0.008096875
598,25.442889758111548,0.1512988968919261,26.750364145835757,0.008096875
599,25.827889515566866,0.09837401552639029,26.651968153705063,0.008096875
600,26.230147378678595,0.07418234957961464,26.548185000150372,0.008096875
601,26.208578817005016,0.3452327706297669,26.49593420933214,0.008096875
602,26.14159299940496,0.5056761271640545,26.48975074823651,0.008096875
603,26.05368827235377,0.6177170543551598,26.50253737341753,0.008096875
604,25.953434097497002,0.7014383212429618,26.526078582451206,0.008096875
605,25.845051854481788,0.766381161117193,26.55658467910232,0.008096875
606,25.730988508679705,0.8179539207757442,26.591946677507188,0.008096875
607,25.612808513996892,0.8595607579822189,26.630854038375098,0.008096875
608,25.491580166317036,0.893499183708847,26.672430620062894,0.008096875
609,25.36806821635393,0.921398924114308,26.716059458407063,0.008096875
610,25.24283980646315,0.9444597176558053,26.76128897793781,0.008096875
611,25.11632715591887,0.9635903458806521,26.807778695679442,0.008096875
612,24.98886682212114,0.9794948480098068,26.85526582608943,0.008096875
613,24.86072543743461,0.9927285604162117,26.903543724426125,0.008096875
614,24.732117224095703,1.003735975273068,26.952447410517145,0.008096875
615,24.603216293277054,1.0128771549186388,27.00184352105478,0.008096875
616,24.474165514575933,1.0204466726041843,27.05162313773371,0.008096875
617,24.345083060254797,1.026687517007883,27.101696543690093,0.008096875
618,24.21606733050995,1.031801509506591,27.151989309194704,0.008096875
619,24.421255175827188,0.6952187650297438,27.107892502270005,0.008096875
620,24.675019481798184,0.4339335626096321,27.049282744826574,0.008096875
621,24.981722796450576,0.25547641666455884,26.974692496563563,0.008096875
622,25.335121048468633,0.15110246195246702,26.8858400577973,0.008096875
623,25.720409214295884,0.09828458757638192,26.787136483965725,0.008096875
624,26.122921129259538,0.07414660881337479,26.683056674164654,0.008096875
625,26.10176232205474,0.34509476458219807,26.630494436892807,0.008096875
626,26.035194474657164,0.5054531659476094,26.62399523938099,0.008096875
627,25.94771215104111,0.6174179949143231,26.63646431339983,0.008096875
628,25.847883767653123,0.7010698090616764,26.659686621089282,0.008096875
629,25.739930217685433,0.7659487785217847,26.68987266621445,0.008096875
630,25.62629817501206,0.8174625883673187,26.724913587812004,0.008096875
631,25.50855188887862,0.8590149197398416,26.76349894163311,0.008096875
632,25.38775949530349,0.8929029072425402,26.804752666581816,0.008096875
633,25.264685610745463,0.9207559611780864,26.84805787095815,0.008096875
634,25.139897259204105,0.9437735437940589,26.892963046707287,0.008096875
635,25.013826552231198,0.9628641882433076,26.939127774763275,0.008096875
636,24.886809947155328,0.9787317060991576,26.986289330793024,0.008096875
637,24.759113982187788,0.9919312224583071,27.03424112897446,0.008096875
638,24.630952790313614,1.002907031814779,27.082818245954286,0.008096875
639,24.5025003977632,1.012019010635712,27.131887373206467,0.008096875
640,24.373899593159837,1.0195615569390475,27.18133964516301,0.008096875
641,24.245268471569062,1.0257774940284745,27.23108539561001,0.008096875
642,24.116705359661562,1.0308684872317337,27.281050243323026,0.008096875
643,24.322212251246057,0.6944626256589613,27.23664672864372,0.008096875
644,24.576314464380335,0.43338552004489483,27.17772458844613,0.008096875
645,24.883353052672273,0.2551354720456579,27.102822562782148,0.008096875
646,25.237055538133458,0.15092301900170021,27.01366767396839,0.008096875
647,25.622606363045147,0.09820299338314377,26.914674532785337,0.008096875
648,26.025349508825826,0.07411408241502065,26.810315166419727,0.008096875
649,26.00456470640884,0.34496851893634894,26.75745982446007,0.008096875
650,25.938378409860526,0.5052491252571958,26.75066358596852,0.008096875
651,25.851281703267144,0.61714429063487,26.762833969023934,0.008096875
652,25.75184204283129,0.7007325373324271,26.78575636409242,0.008096875
653,25.64427987519484,0.7655530580749157,26.815641458957444,0.008096875
654,25.531041606767552,0.8170129300285345,26.8503805073977,0.008096875
655,25.41369129904276,0.8585153966910303,26.888663152396447,0.008096875
656,25.293296941381406,0.8923572471887773,26.929613406751212,0.008096875
657,25.17062302706733,0.9201676019580182,26.97261444522439,0.008096875
658,25.046236471496783,0.9431456698040327,27.017214821586965,0.008096875
659,24.92056928736183,0.9621997559873802,27.063074175381015,0.008096875
660,24.793957840140827,0.9780334632448541,27.109929838403446,0.008096875
661,24.66666858161738,0.9912017228735429,27.157575278860577,0.008096875
662,24.53891556284164,1.0021486480572608,27.205845625499084,0.008096875
663,24.410872732059573,1.0112339447998606,27.25460762002208,0.008096875
664,24.28268280354954,1.0187518504286197,27.303752445213078,0.008096875
665,24.15446380149716,1.0249450366139965,27.353190481291985,0.008096875
666,24.026313985061897,1.0300150256179632,27.402847391497673,0.008096875
667,24.232111770327833,0.6937712024392452,27.358155409658607,0.008096875
668,24.486522091523735,0.4328846287383186,27.29893963596697,0.008096875
669,24.79386629297463,0.254824063680817,27.223744569713446,0.008096875
670,25.14784592086127,0.15075925784505137,27.134305210105016,0.008096875
671,25.53363584521853,0.09812862501742387,27.035039401721086,0.008096875
672,25.936589367286746,0.07408451983500731,26.93041653320359,0.008096875
673,25.916145743053363,0.3448531505916941,26.877285290883936,0.008096875
674,25.85030754935226,0.5050625872113391,26.870209544761355,0.008096875
675,25.763562671420466,0.6168940407488501,26.882098922895754,0.008096875
676,25.664477684040925,0.7004241619228848,26.904739210257517,0.008096875
677,25.55727262431859,0.7651912457419334,26.934341263744596,0.008096875
678,25.44439365349465,0.8166018114703492,26.96879644241248,0.008096875
679,25.32740466100346,0.8580587011757542,27.006794469203133,0.008096875
680,25.207373501815013,0.8918583872094874,27.047459424612402,0.008096875
681,25.08506455633508,0.9196297242893532,27.090174544278668,0.008096875
682,24.961044640425815,0.9425716889333555,27.134488438595554,0.008096875
683,24.83574567616474,0.9615923775604458,27.18006080077836,0.008096875
684,24.709503944831635,0.9773952015500094,27.22662901402615,0.008096875
685,24.582585818975016,0.9905349146378621,27.273986596021413,0.008096875
686,24.455205274523212,1.0014554639054027,27.32196872321938,0.008096875
687,24.32753618821804,1.0105163992062745,27.370442183316307,0.008096875
688,24.199721206167474,1.0180118106843268,27.41929820336681,0.008096875
689,24.071878287561557,1.0241842311372722,27.46844720610306,0.008096875
690,23.944105629651286,1.0292350518153581,27.517814895468522,0.008096875
691,24.150168502378627,0.6931395295301856,27.472851550627084,0.008096875
692,24.40485960781527,0.43242724259491416,27.413359715951337,0.008096875
693,24.71248223736798,0.2545398860242661,27.337889166297963,0.008096875
694,25.06671420627716,0.15060994358948335,27.248182189475706,0.008096875
695,25.45272169188777,0.09806090957277584,27.148659569532423,0.008096875
696,25.855866546598225,0.07405768452477687,27.043788273855867,0.008096875
697,25.835733991145144,0.34474782326310605,26.990397268707078,0.008096875
698,25.770213215425848,0.5048922090865554,26.983058457824026,0.008096875
699,25.683789166335185,0.616665445589991,26.994683415022717,0.008096875
700,25.58502761023214,0.7001424639084143,27.01705828828573,0.008096875
701,25.478148208949115,0.7648607352384584,27.046394089762387,0.008096875
702,25.365596899200398,0.8162262673044355,27.080582274987766,0.008096875
703,25.248937412895888,0.8576415343158181,27.118312640106243,0.008096875
704,25.12923748198172,0.89140271845649,27.158709327559038,0.008096875
705,25.0072613835331,0.9191384311122722,27.201155628673074,0.008096875
706,24.883575842291258,0.942047436126134,27.245200205633925,0.008096875
707,24.758612697371557,0.9610376387368782,27.29050280074839,0.008096875
708,24.632708152959054,0.9768122751706082,27.336800844228584,0.008096875
709,24.50612850904675,0.9899259366549158,27.38388789900744,0.008096875
710,24.37908767276932,1.0008224182652927,27.43159918517245,0.008096875
711,24.251759455384427,1.0098611269707691,27.479801532481673,0.008096875
712,24.124286440566323,1.0173360182486708,27.528386208474473,0.008096875
713,23.99678652797679,1.0234894978468048,27.577263674756672,0.008096875
714,23.86935785816423,1.028522837169794,27.626359672489567,0.008096875
715,24.075662185902196,0.6925629265321526,27.581141002024435,0.008096875
716,24.330609046732075,0.4320099294932532,27.521389574202647,0.008096875
717,24.63848521270546,0.2542807721027761,27.44565999151076,0.008096875
718,24.99294683759841,0.15047391691489773,27.35570119570202,0.008096875
719,25.379152209450073,0.09799930931484378,27.25593664117476,0.008096875
720,25.78247101844031,0.07403335413855114,27.15083107588223,0.008096875
721,25.762621942642337,0.3446517485134984,27.097195445518576,0.008096875
722,25.69739046381782,0.5047367249412604,27.089608990217556,0.008096875
723,25.61125883157717,0.6164568086793828,27.100985076899768,0.008096875
724,25.51279207133498,0.6998853520209528,27.123110187301847,0.008096875
725,25.406209501313793,0.7645590707597174,27.152195475958283,0.008096875
726,25.293956852775604,0.8158835039806791,27.186132486726777,0.008096875
727,25.177597713541413,0.8572607890962674,27.223611082693104,0.008096875
728,25.058199703045773,0.8909868427391402,27.263755462913743,0.008096875
729,24.936527003867052,0.9186900536739349,27.30594896959905,0.008096875
730,24.81314625741346,0.9415689912128126,27.349740312251946,0.008096875
731,24.688489226924453,0.9605313857537133,27.394789278027176,0.008096875
732,24.562892046070964,0.9762803133600447,27.44083334008485,0.008096875
733,24.436620948479263,0.9893702166760728,27.487666102694686,0.008096875
734,24.309889778354854,1.0002447518103434,27.53512282580192,0.008096875
735,24.182872287050593,1.0092631951162918,27.58307037758621,0.008096875
736,24.055711001124187,1.016719378979676,27.6314000625661,0.008096875
737,23.92852376577705,1.0228555930297907,27.680022377852982,0.008096875
738,23.801408669680875,1.027872999147913,27.72886309859879,0.008096875
739,24.00793283003808,0.6920369992215573,27.68340413933066,0.008096875
740,24.26311254099879,0.4316294708868786,27.623408550159883,0.008096875
741,24.57121947232835,0.25404469256605555,27.54743534719424,0.008096875
742,24.925890021006545,0.15035009329547067,27.457239541888427,0.008096875
743,25.312275318860333,0.09794332133121324,27.357247013176067,0.008096875
744,25.71575223321274,0.0740113204992869,27.251920476601917,0.008096875
745,25.69616138085102,0.34456418595997507,27.198054421905777,0.008096875
746,25.63119345175832,0.504594945925287,27.19023478432341,0.008096875
747,25.545328220970465,0.6162665370654411,27.20137658224088,0.008096875
748,25.447130035238647,0.6996508629644277,27.223266604019496,0.008096875
749,25.340817898385925,0.7642839472256604,27.25211613466301,0.008096875
750,25.228837353818797,0.8155708999224748,27.285816798804497,0.008096875
751,25.112751857666915,0.8569135503561345,27.323058520681222,0.008096875
752,24.993628926556795,0.8906075723399075,27.362965551037746,0.008096875
753,24.872232656727785,0.9182811511418665,27.404921278526377,0.008096875
754,24.74912961344989,0.9411326782976092,27.448474455831708,0.008096875
755,24.62475149063555,0.960069724451411,27.493284911034333,0.008096875
756,24.499434357524514,0.9757952193452865,27.53909015648565,0.008096875
757,24.373444387098555,0.9888634698967129,27.58568383417567,0.008096875
758,24.246995366056982,0.9997180052848457,27.63290124041946,0.008096875
759,24.120260991007946,1.0087179825730808,27.680609278454924,0.008096875
760,23.993383736310573,1.016157121739114,27.728699286541328,0.008096875
761,23.866481397393596,1.0222776063817274,27.777081794184255,0.008096875
762,23.739652015515738,1.0272804983831458,27.825682607545698,0.008096875
763,23.946376241537884,0.6915576364105526,27.779997458520047,0.008096875
764,24.2017678587813,0.43128285869138977,27.719772168910065,0.008096875
765,24.51008474179566,0.2538297531188647,27.643569786492925,0.008096875
766,24.864945281146998,0.15023746138878685,27.553150855398766,0.008096875
767,25.251494120811127,0.09789247678655238,27.452943454773514,0.008096875
768,25.655114694653985,0.07399138937733098,27.347408440714343,0.008096875
769,25.635758964970933,0.3444844428088911,27.293325285414173,0.008096875
770,25.571031032437265,0.5044657595211695,27.285286030237398,0.008096875
771,25.485408402979772,0.6160931402458542,27.29620721382644,0.008096875
772,25.387454802085482,0.6994371599987481,27.317875906057093,0.008096875
773,25.281388946086278,0.7640332085120746,27.346503511387386,0.008096875
774,25.169656206741216,0.8152860033926528,27.37998172825622,0.008096875
775,25.0538199199095,0.856597092279067,27.41700053670895,0.008096875
776,24.934947508351904,0.8902619271214621,27.456684234632107,0.008096875
777,24.81380298948899,0.9179085073210262,27.498416253022665,0.008096875
778,24.69095285908734,0.9407350620807355,27.54174538393216,0.008096875
779,24.566828747773183,0.9596490161979356,27.58633149274959,0.008096875
780,24.44176666596778,0.9753531658509393,27.631912127552535,0.008096875
781,24.31603273128889,0.9884016940797214,27.678280964715913,0.008096875
782,24.189840677934765,0.9992380142276087,27.725273333707946,0.008096875
783,24.06336415253196,1.0082211745042844,27.772756169723284,0.008096875
784,23.93674558178079,1.0156447923229006,27.820620841775884,0.008096875
785,23.810102715664666,1.0217509545452717,27.86877790889719,0.008096875
786,23.683533552150365,1.0267406318274634,27.91715320551168,0.008096875
787,23.890439786843643,0.6911210037289124,27.871255087378085,0.008096875
788,24.14602417511514,0.43096729003322515,27.81081364903816,0.008096875
789,24.45453199993358,0.25363419069163334,27.73439561814879,0.008096875
790,24.809565251864438,0.15013508078222906,27.643766578566957,0.008096875
791,25.19626269588523,0.09784633987367053,27.5433566051134,0.008096875
792,25.600013769056808,0.07397338012363969,27.43762485409279,0.008096875
793,25.580872049422133,0.3444118728575149,27.38333710084255,0.008096875
794,25.516362584469523,0.5043481279357297,27.37509095258338,0.008096875
795,25.430960800328872,0.6159352279624207,27.385804346843823,0.008096875
796,25.33322985405385,0.6992425301490438,27.407264611810238,0.008096875
797,25.22738819923876,0.7638048440845167,27.435683261230352,0.008096875
798,25.11588105090331,0.8150265285620731,27.468952060924195,0.008096875
799,25.00027163514212,0.8563088739064628,27.505761041822474,0.008096875
800,24.88162728907781,0.8899471294944035,27.545234544767247,0.008096875
801,24.760711958233536,0.9175691250863744,27.58675603932734,0.008096875
802,24.63809207498065,0.9403729417663362,27.629874353408738,0.008096875
803,24.514199212222227,0.9592658712828824,27.674249386378186,0.008096875
804,24.389369326730343,0.9749505879907134,27.719618718849382,0.008096875
805,24.263868485623316,0.987981161955698,27.765776058511488,0.008096875
806,24.137910375209895,0.9988009008925121,27.812556765024755,0.008096875
807,24.011668596523524,1.007768753758654,27.859827802685814,0.008096875
808,23.885285532788966,1.0151782444578608,27.90748056851486,0.008096875
809,23.75887889253216,1.021271371663098,27.955425648429372,0.008096875
810,23.632546634225342,1.0262490228723293,28.003588902587992,0.008096875
811,23.839618394161697,0.6907235350250834,27.957490213637687,0.008096875
812,24.095378083322625,0.430680160360691,27.89684532734006,0.008096875
813,24.404059499823894,0.2534563686575932,27.820224327714502,0.008096875
814,24.759249706688934,0.150042079259201,27.72939738642304,0.008096875
815,25.146082144131594,0.09780450653795757,27.628796387607192,0.008096875
816,25.549951733494474,0.07395712519326604,27.522878934902316,0.008096875
817,25.531004742206335,0.34434587508249626,27.468398317985855,0.008096875
818,25.466694080445052,0.504241085832987,27.459957214879346,0.008096875
819,25.3814932687699,0.6157915071230249,27.47047484987428,0.008096875
820,25.283964944369227,0.6990653803517699,27.491738788056807,0.008096875
821,25.178327320843184,0.7635969843990116,27.519960643099125,0.008096875
822,25.067025470166623,0.8147903501926561,27.553032242289444,0.008096875
823,24.951622518320537,0.8560465331287727,27.589643662916398,0.008096875
824,24.83318572434897,0.8896605977414106,27.628919284928212,0.008096875
825,24.712478968238525,0.9172602190634698,27.670242612997384,0.008096875
826,24.590068624580343,0.9400433431222736,27.71316250765578,0.008096875
827,24.466386213668905,0.9589171403785071,27.757338899186472,0.008096875
828,24.34176764338117,0.9745841741510799,27.80250939780715,0.008096875
829,24.216478934810084,0.987598411550064,27.84846773969899,0.008096875
830,24.09073373061652,0.9984030640393208,27.89504931199296,0.008096875
831,23.964705590277998,1.007356990144757,27.94212110546412,0.008096875
832,23.83853685739226,1.0147536285784384,27.98957454261333,0.008096875
833,23.712345202696227,1.020834897675561,28.03732023381879,0.008096875
834,23.58622854866167,1.0258016091852313,28.085284062650373,0.008096875
835,23.793450796503237,0.690361921986801,28.038996431597177,0.008096875
836,24.049369847275237,0.43041905534623126,27.978160002089183,0.008096875
837,24.358209030477727,0.25329477135876366,27.901347917403783,0.008096875
838,24.713541829737476,0.14995764972286618,27.810334523172564,0.008096875
839,25.100496864680157,0.09776660304056863,27.709553343189647,0.008096875
840,25.504474063647613,0.07394246958920533,27.603460563787905,0.008096875
