time,ammonia,nitrite,nitrate,COD
1,17.251027461767528,1.1234013320030989,34.02063714689426,54.379891403812216
2,17.10864855675741,1.0494047506597648,34.017694155096784,52.89501513024222
3,16.972377656448494,0.9870307315435212,34.011420504631474,51.41496521800156
4,16.841652530151187,0.9351182545020177,34.002122936293375,49.939264501558576
5,16.715871272538543,0.8924042392620513,33.99014372665846,48.467397185097745
6,16.594428516753297,0.8576033461700118,33.97583782370267,46.99884108161932
7,16.476745888175856,0.8294765632792347,33.95955240633503,45.533094955742634
8,16.362293838643147,0.8068816186909965,33.94161122912339,44.069698332252536
9,16.250604317011682,0.7888034102680698,33.92230461137639,42.608243201567234
10,16.141275444749926,0.7743666085813984,33.901884683771776,41.148378601119994
11,16.033970219280867,0.7628346828441426,33.880564781781906,39.68980983772706
12,15.928411391524246,0.7536000348424017,33.8585216564759,38.23229424692953
13,15.824374346713249,0.7461693202445138,33.83589929460117,36.775635116174854
14,15.721679331242404,0.7401470021109321,33.81281341800386,35.319674972787574
15,15.620183891585896,0.7352191331702976,33.78935603487362,33.86428901596592
16,15.5197760080506,0.7311385049433329,33.76559967216925,32.4093791310677
17,15.420368135595469,0.7277116874443651,33.741601107202456,30.95486868270892
18,15.321892192572308,0.7247880888855787,33.71740454023685,29.50069812936548
19,15.543378074265284,0.34497320682586996,33.66588969918734,28.14314135070386
20,15.846550812682782,0.13791451176585745,33.59312471821667,26.894345917901635
21,16.208504166319347,0.05598770993763151,33.50506557923583,25.724789481311326
22,16.59633231893637,0.030216585718399257,33.41026801591712,24.590922523676912
23,16.99209436923776,0.022889808441527715,33.313396766456954,23.46880578464826
24,17.389549578754174,0.020873805903242223,33.216074474961566,22.350085908455725
25,17.390704829760306,0.2867981085050738,33.10711166183756,20.99568894732573
26,17.34032070410427,0.4259268512822395,33.04240778495739,19.594370091028253
27,17.268491386176276,0.513764292818492,32.99415514180152,18.173415129400137
28,17.18494678425065,0.57334904299874,32.95465985195946,16.7415614304654
29,17.094274758239305,0.6152951018545605,32.92052006756758,15.302906578914774
30,16.999038641156428,0.6454528593958683,32.88990503965332,13.859731402421662
31,16.90081813583677,0.667395331156109,32.86171394217421,12.413437614214665
32,16.800650030894527,0.6834525236516108,32.835236532630965,10.96494325504135
33,16.699244592110386,0.6952130168716469,32.809992191322564,9.514876231160564
34,16.597103335727915,0.7037943698104312,32.78564459429067,8.063679360745544
35,16.4945881970573,0.7100007336341684,32.76195263464274,6.611671921488754
36,16.391964593214077,0.7144203775973856,32.73874037712146,5.159087889790786
37,16.289429484336704,0.7174889222865171,32.715877745341665,3.7061008145843526
38,16.18713033024928,0.7195318816652374,32.69326761924624,2.2528405953737476
39,16.08517826744332,0.7207941358790663,32.67083694655082,0.7994051300126481
40,15.98363535980677,0.7223247661168533,32.67391291596225,0.007609722222222222
41,15.882404169874247,0.7242143508207985,32.70974571534282,0.007609722222222222
42,15.78153942426169,0.7254042336852796,32.74563193002429,0.007609722222222222
43,15.988272670913966,0.45386824065870124,32.68036195053663,0.007609722222222222
44,16.249161302537086,0.2659962631267133,32.59895279478714,0.007609722222222222
45,16.559028299485885,0.1547601401581454,32.502787165233386,0.007609722222222222
46,16.903154548597307,0.09804444369503197,32.39619880490251,0.007609722222222222
47,17.26611921883685,0.07208161015768513,32.283840709847894,0.007609722222222222
48,17.637689780395878,0.060897905028269125,32.16883841962524,0.007609722222222222
49,17.632072278676354,0.28722311181548255,32.1206839778454,0.007609722222222222
50,17.581738512653477,0.4154175349773087,32.11251273964303,0.007609722222222222
51,17.51091352437714,0.5001720009861734,32.120956047616005,0.007609722222222222
52,17.42832151761771,0.5599296946221625,32.13864433719398,0.007609722222222222
53,17.33828090673344,0.6035479977769059,32.16214794784654,0.007609722222222222
54,17.24328455915401,0.6360458972878227,32.18956035274898,0.007609722222222222
55,17.144910312303583,0.6605597922902682,32.21970543051825,0.007609722222222222
56,17.044219511729487,0.6791797892510439,32.2518065616644,0.007609722222222222
57,16.94195713973033,0.6933625953606672,32.28532609506888,0.007609722222222222
58,16.838662524606477,0.7041569453271466,32.31987888108991,0.007609722222222222
59,16.73473518273412,0.7123362538852025,32.355181939757735,0.007609722222222222
60,16.63047624508823,0.7184813475406548,32.391023348745975,0.007609722222222222
61,16.52611571968249,0.7230345088739928,32.42724206961502,0.007609722222222222
62,16.421831098287488,0.72633613220252,32.46371434953513,0.007609722222222222
63,16.31776043972828,0.7286503619610021,32.500344259413055,0.007609722222222222
64,16.214011797372837,0.7301834847098113,32.53705693567952,0.007609722222222222
65,16.11067015036882,0.7310974005898042,32.5737936479457,0.007609722222222222
66,16.0078025843433,0.7315196610076485,32.61050813476283,0.007609722222222222
67,16.213024496911245,0.45839252143178705,32.54583132617597,0.007609722222222222
68,16.47238484807332,0.26888417717236623,32.465023594894696,0.007609722222222222
69,16.780940129975917,0.15632694038339387,32.36939707660735,0.007609722222222222
70,17.124082189843385,0.09878852997671159,32.26324972311079,0.007609722222222222
71,17.486323273066294,0.07240638972245929,32.151253157179205,0.007609722222222222
72,17.857317535842185,0.06103275698920814,32.03656697266909,0.007609722222222222
73,17.850536212952527,0.2877422765401942,31.988783355449122,0.007609722222222222
74,17.798997186758424,0.4162369312089935,31.981008018810428,0.007609722222222222
75,17.726943823016427,0.5012471585332002,31.98985955255649,0.007609722222222222
76,17.6431056820942,0.5612273993445462,32.00796557046017,0.007609722222222222
77,17.551803873454446,0.6050407661959357,32.031895066812865,0.007609722222222222
78,17.455533047465682,0.6377100336897387,32.05974060550009,0.007609722222222222
79,17.3558724209105,0.6623744883758135,32.09032533344185,0.007609722222222222
80,17.253884504549966,0.6811266240339907,32.12287199043826,0.007609722222222222
81,17.15031531268539,0.695425214715406,32.1568423418809,0.007609722222222222
82,17.045705109823604,0.7063208303677849,32.191850697864766,0.007609722222222222
83,16.940454270905885,0.7145885363640874,32.22761357563696,0.007609722222222222
84,16.83486471705014,0.7208106517484671,32.26391858536957,0.007609722222222222
85,16.72916718308375,0.725430809722754,32.30060425562907,0.007609722222222222
86,16.623539827589315,0.7287906243728632,32.33754643472853,0.007609722222222222
87,16.51812131894364,0.7311553377263514,32.37464882839849,0.007609722222222222
88,16.413020265528626,0.732732219476133,32.411836240819426,0.007609722222222222
89,16.30832214991054,0.7336840458940216,32.449049641157586,0.007609722222222222
90,16.204094512764073,0.7341391450157156,32.486242497854626,0.007609722222222222
91,16.408464624465147,0.46033248083455647,32.42195889292024,0.007609722222222222
92,16.666965456749626,0.27012394007435925,32.34154792480775,0.007609722222222222
93,16.974753258396603,0.15699975563561305,32.24629159893534,0.007609722222222222
94,17.31726824296697,0.0991073520633931,32.1404722789731,0.007609722222222222
95,17.678994639113906,0.07254451661736633,32.02876934843314,0.007609722222222222
96,18.049538085709745,0.061088992743681694,31.914356966673097,0.007609722222222222
97,18.041763522634554,0.2881583726857504,31.866897045341002,0.007609722222222222
98,17.98918754656419,0.4169216609195096,31.85947543386835,0.007609722222222222
99,17.91607503322256,0.5021574325368356,31.86869325814107,0.007609722222222222
100,17.831161423742987,0.562332623008337,31.88717452074645,0.007609722222222222
101,17.738770611844096,0.6063162606475027,31.911486659812272,0.007609722222222222
102,17.64139899503382,0.6391348197352423,31.939721282692354,0.007609722222222222
103,17.540627087603195,0.6639302975944062,31.97070081879786,0.007609722222222222
104,17.437518464944347,0.682797369045874,32.00364740808218,0.007609722222222222
105,17.33282006574123,0.697196661982762,32.03802228548747,0.007609722222222222
106,17.227072981939727,0.7081803721704789,32.073439279028705,0.007609722222222222
107,17.12067834047111,0.7165250150633261,32.10961446266687,0.007609722222222222
108,17.01393875024784,0.7228142134513641,32.14633503762706,0.007609722222222222
109,16.90708557605116,0.7274927757474431,32.183439155701116,0.007609722222222222
110,16.80029755265586,0.7309033745984355,32.22080231936806,0.007609722222222222
111,16.69371387399493,0.733312202888532,32.25832791850153,0.007609722222222222
112,16.587443626203115,0.734927381041331,32.295940470389326,0.007609722222222222
113,16.48157272464286,0.7359124429504222,32.33358068507217,0.007609722222222222
114,16.376169100803804,0.7363963879977083,32.371201798219936,0.007609722222222222
115,16.579800197600477,0.46200563702859354,32.30727347713684,0.007609722222222222
116,16.8375548173948,0.27119436649770917,32.22722099560906,0.007609722222222222
117,17.144675043603232,0.15758120694086303,32.13230044224877,0.007609722222222222
118,17.486643229424182,0.09938295871829095,32.026780611303096,0.007609722222222222
119,17.847919834016746,0.07266382933664722,31.91534745577266,0.007609722222222222
120,18.21806872207997,0.06113743427597317,31.80118767208127,0.007609722222222222
121,18.209432215149214,0.2885169022671081,31.754023214147566,0.007609722222222222
122,18.1559566342854,0.41751182363428757,31.74692285500777,0.007609722222222222
123,18.081925376545865,0.5029421936400456,31.75647270029949,0.007609722222222222
124,17.996078943559255,0.5632856892236345,31.775293650788733,0.007609722222222222
125,17.902743622573517,0.6074164205251606,31.79995180955425,0.007609722222222222
126,17.804417311202904,0.6403640377695042,31.828537964241153,0.007609722222222222
127,17.702681636505943,0.665272864070247,31.859873929880187,0.007609722222222222
128,17.5986010861225,0.6842394449312937,31.89318133302855,0.007609722222222222
129,17.492923390361682,0.6987259981027257,31.927920954701435,0.007609722222222222
130,17.38619034956011,0.7097861137425875,31.963706210356516,0.007609722222222222
131,17.278803734379736,0.7181975512424357,32.000252794519824,0.007609722222222222
132,17.17106674253066,0.7245450521706917,32.03734755826636,0.007609722222222222
133,17.06321127814435,0.7292744338525978,32.074828330662626,0.007609722222222222
134,16.955416569404377,0.7327292781636242,32.11257031783842,0.007609722222222222
135,16.847822260381626,0.7351765951692663,32.15047663888377,0.007609722222222222
136,16.74053784648612,0.7368252368751966,32.188471565019285,0.007609722222222222
137,16.633649613906833,0.737839389116028,32.226495583931694,0.007609722222222222
138,16.52722582903249,0.7383486293715088,32.26450173146165,0.007609722222222222
139,16.730213930861908,0.46345377549811567,32.20089563383357,0.007609722222222222
140,16.987318934750967,0.2721216774852175,32.12116823889252,0.007609722222222222
141,17.29385706291055,0.1580852921651055,32.026553256183256,0.007609722222222222
142,17.635347452444613,0.09962192844818607,31.92130764357641,0.007609722222222222
143,17.996230280271146,0.07276718919411937,31.810122948355627,0.007609722222222222
144,18.366033306258828,0.061179274106597605,31.696196699296973,0.007609722222222222
145,18.35664673382108,0.2888269091980437,31.649302737645108,0.007609722222222222
146,18.302388518358008,0.418022256284418,31.64249510937696,0.007609722222222222
147,18.227558066745324,0.5036210937201954,31.652346948944732,0.007609722222222222
148,18.1409002523225,0.5641103703815888,31.671476481661493,0.007609722222222222
149,18.04674342823343,0.6083685798956743,31.696448660355504,0.007609722222222222
150,17.947586785433387,0.6414281102461004,31.72535356714847,0.007609722222222222
151,17.84501290938536,0.6664352884584208,31.757012488665787,0.007609722222222222
152,17.740087072813342,0.6854882713315336,31.79064661009923,0.007609722222222222
153,17.633557686954248,0.7000506458575179,31.825716322286823,0.007609722222222222
154,17.525967161307914,0.711177203143808,31.861834686057687,0.007609722222222222
155,17.417717820039545,0.7196467741336803,31.898717069726917,0.007609722222222222
156,17.30911336713913,0.7260450644017589,31.936150023258413,0.007609722222222222
157,17.200386170546295,0.7308187609281835,31.973971098102993,0.007609722222222222
158,17.091715882807804,0.734312229655943,32.012055245372686,0.007609722222222222
159,16.983242535206283,0.7367931856828869,32.05030535105041,0.007609722222222222
160,16.875075975270846,0.7384711125283703,32.088645474443936,0.007609722222222222
161,16.76730280827556,0.7395107591099214,32.127015911674356,0.007609722222222222
162,16.659991588809923,0.7400422025069213,32.165369526357445,0.007609722222222222
163,16.862418914236272,0.4647108050292451,32.10205662834376,0.007609722222222222
164,17.118957110883493,0.2729272190905951,32.02262497979815,0.007609722222222222
165,17.42498664112125,0.15852344084940417,31.92828890385435,0.007609722222222222
166,17.766058801076785,0.09982964330376876,31.823295016192144,0.007609722222222222
167,18.126596376893477,0.07285693894903564,31.71233965199123,0.007609722222222222
168,18.496095825320822,0.06121548832801206,31.59862972909396,0.007609722222222222
169,18.48605501076748,0.2890957589877225,31.551984063591995,0.007609722222222222
170,18.43111429742048,0.41846504824244746,31.545443966771426,0.007609722222222222
171,18.35558697759702,0.5042101552929897,31.55557133166505,0.007609722222222222
172,18.268221714109387,0.5648260606838637,31.574982067519013,0.007609722222222222
173,18.173348649375786,0.609195052617903,31.600240132471583,0.007609722222222222
174,18.07346809339405,0.6423518875955451,31.62943499912174,0.007609722222222222
175,17.97016346010021,0.6674446254765831,31.66138749790835,0.007609722222222222
176,17.86450070038581,0.6865728159763029,31.69531843313437,0.007609722222222222
177,17.757228813409533,0.7012012296047465,31.73068785897815,0.007609722222222222
178,17.64889073449446,0.7123856955408724,31.76710853027841,0.007609722222222222
179,17.53988926553541,0.7209059710783705,31.804295533843113,0.007609722222222222
180,17.43052854749618,0.7273485953631524,31.84203515973368,0.007609722222222222
181,17.321041348663982,0.7321610075925228,31.88016471971427,0.007609722222222222
182,17.211607687929014,0.7356882521457314,31.918558944653856,0.007609722222222222
183,17.102367930891504,0.738198654422441,31.957120519149786,0.007609722222222222
184,16.993432229140723,0.7399022448510115,31.9957733193737,0.007609722222222222
185,16.884887463518478,0.740964260231056,32.03445747583973,0.007609722222222222
186,16.77680243753075,0.7415152107395875,32.073125703229834,0.007609722222222222
187,16.97873970229232,0.46580467521794655,32.01008038043056,0.007609722222222222
188,17.23478238466349,0.273628637289646,31.930918563604962,0.007609722222222222
189,17.540366762537854,0.15890512737491846,31.83683773540975,0.007609722222222222
190,17.88107228652056,0.10001057274808531,31.732075461390014,0.007609722222222222
191,18.24130676830924,0.07293502551443992,31.621332192437897,0.007609722222222222
192,18.610539451034636,0.06124688784891757,31.50782300666746,0.007609722222222222
193,18.5999268268754,0.28932951160824055,31.461405803864572,0.007609722222222222
194,18.5443897224615,0.4188501480683276,31.455110858901605,0.007609722222222222
195,18.46825350808929,0.5047225698135832,31.4654902925704,0.007609722222222222
196,18.380270140948014,0.565448735864087,31.48515800288287,0.007609722222222222
197,18.284771317758373,0.6099142292824267,31.51067708507721,0.007609722222222222
198,18.184258319711617,0.6431558619823755,31.540136483470807,0.007609722222222222
199,18.080315279147772,0.6683231969145521,31.572356633382338,0.007609722222222222
200,17.9740087346446,0.6875169916860815,31.606558009341022,0.007609722222222222
201,17.866088194623842,0.7022030429780715,31.642200374093328,0.007609722222222222
202,17.75709704977193,0.7134380800300936,31.67889621759697,0.007609722222222222
203,17.647438515656106,0.7220026634143463,31.716360382947563,0.007609722222222222
204,17.53741711162065,0.7284840552414259,31.754378935158787,0.007609722222222222
205,17.427265952639296,0.7333303472835229,31.792788978404772,0.007609722222222222
206,17.317165374873827,0.7368871726715363,31.83146505275535,0.007609722222222222
207,17.207256033493532,0.7394233866176444,31.870309668297427,0.007609722222222222
208,17.097648343479676,0.7411494945156051,31.909246542461286,0.007609722222222222
209,16.98842942440836,0.7422311570452217,31.94821566217409,0.007609722222222222
210,16.87966829544627,0.7427992608316715,31.98716961295233,0.007609722222222222
211,17.08117655421063,0.4667586171870558,31.924369129424438,0.007609722222222222
212,17.33678532611374,0.2742406368464282,31.845454144773335,0.007609722222222222
213,17.641979499486844,0.15923826615037565,31.751607477750404,0.007609722222222222
214,17.982363203531484,0.10016845627008816,31.647058764000604,0.007609722222222222
215,18.3423313087088,0.07300307878556594,31.536512005830005,0.007609722222222222
216,18.711329344276834,0.061274151266532066,31.4231893903619,0.007609722222222222
217,18.700216090350345,0.2895331957154305,31.37698285675318,0.007609722222222222
218,18.644156919891667,0.4191858127440617,31.37091309743347,0.007609722222222222
219,18.567487735527525,0.5051692903527507,31.381523715439638,0.007609722222222222
220,18.478963365663898,0.5659916669504709,31.40142685751918,0.007609722222222222
221,18.382916860681703,0.6105413941479546,31.427184868283284,0.007609722222222222
222,18.281850346873647,0.643857072326764,31.456886232908573,0.007609722222222222
223,18.17734858122281,0.6690895717472618,31.489351043526188,0.007609722222222222
224,18.07047861298742,0.6883407002792269,31.523799488343705,0.007609722222222222
225,17.961990392947634,0.7030771467347411,31.55969107711895,0.007609722222222222
226,17.85242770724037,0.7143564228324198,31.596638069874214,0.007609722222222222
227,17.742194130642435,0.7229597875409228,31.6343550981292,0.007609722222222222
228,17.631594511058672,0.7294751316392656,31.67262803149653,0.007609722222222222
229,17.520862264516705,0.7343511144835873,31.711293793873182,0.007609722222222222
230,17.410178002711724,0.7379338814147244,31.750226759597584,0.007609722222222222
231,17.299682632312546,0.7404927487190441,31.78932928713833,0.007609722222222222
232,17.189486797087028,0.7422386352723178,31.82852495597525,0.007609722222222222
233,17.079677823997113,0.7433375708973113,31.86775362822517,0.007609722222222222
234,16.97032491956308,0.743920770180193,31.906967777104576,0.007609722222222222
235,17.171457058733637,0.46759208255795365,31.84439187042208,0.007609722222222222
236,17.426685319451,0.2747755582427605,31.765703217901404,0.007609722222222222
237,17.731537012249877,0.15952951335708232,31.67207184316927,0.007609722222222222
238,18.071637921296812,0.10030644323129606,31.567720425534027,0.007609722222222222
239,18.431371697042085,0.07306247209721417,31.457356042018898,0.007609722222222222
240,18.800163162493345,0.0612978500893471,31.344207085575526,0.007609722222222222
241,18.788610941260952,0.28971101563889456,31.298195197905997,0.007609722222222222
242,18.73209407087598,0.4194789468782644,31.29233273853881,0.007609722222222222
243,18.65495765868908,0.5055594794409777,31.30315586888106,0.007609722222222222
244,18.565959041030982,0.5664659600493367,31.323275207176636,0.007609722222222222
245,18.469432449833178,0.611089343472387,31.349252443518264,0.007609722222222222
246,18.367880748448414,0.6444697898912656,31.37917566307403,0.007609722222222222
247,18.26288923824902,0.6697593092414296,31.411864659172757,0.007609722222222222
248,18.15552541331513,0.6890606247225285,31.446539370824045,0.007609722222222222
249,18.046539609595655,0.703841202545975,31.482659087636964,0.007609722222222222
250,17.93647595747971,0.7151592362563864,31.519835869553035,0.007609722222222222
251,17.825738344416983,0.7237965934165183,31.557784163976272,0.007609722222222222
252,17.71463190430222,0.7303417127078011,31.596289670459072,0.007609722222222222
253,17.603390315219926,0.7352437482431493,31.635189155975826,0.007609722222222222
254,17.49219442872345,0.7388492919531084,31.67435685057727,0.007609722222222222
255,17.381185370436057,0.7414280622347619,31.71369498070548,0.007609722222222222
256,17.27047398332271,0.7431913386733989,31.753127005691162,0.007609722222222222
257,17.1601477749229,0.7443054732219528,31.79259267892507,0.007609722222222222
258,17.050276114899923,0.7449019667542711,31.83204437577758,0.007609722222222222
259,17.251078074905774,0.46832146406290237,31.769674916341923,0.007609722222222222
260,17.505972237767843,0.27524382230177075,31.691194253319463,0.007609722222222222
261,17.810523001652978,0.15978450042772754,31.597761225733436,0.007609722222222222
262,18.150375170303818,0.10042720137053156,31.493592404436697,0.007609722222222222
263,18.509902639073285,0.07311436919619171,31.383397536247603,0.007609722222222222
264,18.878512118886242,0.06131846834152191,31.270410441128234,0.007609722222222222
265,18.866574497618956,0.2898665098501885,31.224578721555694,0.007609722222222222
266,18.809655827283056,0.41973536246849985,31.218907481540295,0.007609722222222222
267,18.732109275230304,0.5059008522574789,31.229926367712995,0.007609722222222222
268,18.642694372608844,0.5668809702984293,31.250244661480554,0.007609722222222222
269,18.545746384679752,0.6115688600691078,31.276423481035117,0.007609722222222222
270,18.44376881890321,0.6450060448643495,31.30655056232528,0.007609722222222222
271,18.338347452060553,0.6703455301643725,31.33944543797693,0.007609722222222222
272,18.230550166488005,0.6896908385132373,31.374327829656515,0.007609722222222222
273,18.12112763420703,0.7045101149083389,31.410656835000445,0.007609722222222222
274,18.010624285917547,0.7158621482016495,31.448044339485413,0.007609722222222222
275,17.899444281805607,0.7245293373434448,31.486204629965545,0.007609722222222222
276,17.787893005222205,0.7311005994595752,31.524923257685693,0.007609722222222222
277,17.6762043628384,0.7360255207656602,31.56403685275184,0.007609722222222222
278,17.56455941544258,0.7396510833033584,31.60341951934714,0.007609722222222222
279,17.453099479671437,0.7422473568063175,31.642973368722963,0.007609722222222222
280,17.3419355722798,0.7440259361020021,31.682621755364334,0.007609722222222222
281,17.231155358362294,0.7451534547454419,31.722304337768744,0.007609722222222222
282,17.120828349931948,0.7457616639515113,31.76197340589578,0.007609722222222222
283,17.321340135012502,0.4689606556361795,31.69979411444039,0.007609722222222222
284,17.575940636267063,0.27565427710839113,31.621504971441954,0.007609722222222222
285,17.880226725938808,0.16000801689638014,31.5282550238133,0.007609722222222222
286,18.219859926327455,0.10053300199626156,31.42425547375971,0.007609722222222222
287,18.579205630348774,0.07315976116844705,31.31421839225885,0.007609722222222222
288,18.947654681557477,0.06133641797972977,31.201382352541625,0.007609722222222222
289,18.935378308088712,0.2900026738528515,31.155717679534863,0.007609722222222222
290,18.878106504793326,0.4199599803935488,31.150223153312332,0.007609722222222222
291,18.80019950866127,0.5061999429985454,31.161422706840455,0.007609722222222222
292,18.710418774885934,0.5672446233799525,31.181924450197293,0.007609722222222222
293,18.613100473967656,0.611989082150291,31.208289000956682,0.007609722222222222
294,18.510748677218007,0.6454760359333608,31.23860378963368,0.007609722222222222
295,18.404949577320522,0.6708593613838044,31.271688120978567,0.007609722222222222
296,18.29677139610252,0.6902432803290481,31.306761526752698,0.007609722222222222
297,18.186965099350978,0.7050965314852572,31.343282936886087,0.007609722222222222
298,18.076075380220797,0.7164784243739449,31.38086408445307,0.007609722222222222
299,17.964506637232095,0.7251718227176024,31.419219116057608,0.007609722222222222
300,17.852564471720566,0.7317660621417063,31.458133453379105,0.007609722222222222
301,17.74048299010923,0.7367111068743031,31.49744360693872,0.007609722222222222
302,17.628443436036385,0.7403542802906353,31.53702357093236,0.007609722222222222
303,17.5165872930749,0.7429659595911655,31.576775355939905,0.007609722222222222
304,17.40502572987259,0.7447580155425847,31.61662222480322,0.007609722222222222
305,17.293846549235386,0.7458973282511716,31.656503753064296,0.007609722222222222
306,17.18311938760236,0.7465158681678561,31.696372156007442,0.007609722222222222
307,17.383375906656156,0.46952149280834315,31.63436836728261,0.007609722222222222
308,17.63771804712809,0.2760144717678522,31.556255909775075,0.007609722222222222
309,17.94177115403901,0.16020415518448644,31.463175245717082,0.007609722222222222
310,18.28121145604502,0.10062578760398344,31.359332855249036,0.007609722222222222
311,18.640396919258617,0.07319949578249596,31.249442837201226,0.007609722222222222
312,19.008704467639514,0.06135205114706726,31.136747933588687,0.007609722222222222
313,18.996130049911194,0.2901220566061614,31.091238381624997,0.007609722222222222
314,18.938547574311748,0.4201569885460129,31.08590744493602,0.007609722222222222
315,18.860323488117523,0.506462314043336,31.097274037400744,0.007609722222222222
316,18.770220935708814,0.5675636681480046,31.117945241142042,0.007609722222222222
317,18.672576881795997,0.6123577933322204,31.144481234814798,0.007609722222222222
318,18.569895892032918,0.6458884525249933,31.17496918137291,0.007609722222222222
319,18.463764523506807,0.6713102858961351,31.208228186069185,0.007609722222222222
320,18.355251295359466,0.6907281279591982,31.243477614471917,0.007609722222222222
321,18.245107430566726,0.7056112375343628,31.28017624977339,0.007609722222222222
322,18.133877852017537,0.7170193802208908,31.317935691710325,0.007609722222222222
323,18.02196716683279,0.7257358268565359,31.356469964180278,0.007609722222222222
324,17.909681167132735,0.732350279671682,31.395564375497884,0.007609722222222222
325,17.79725413416936,0.7373130340672241,31.435055331543104,0.007609722222222222
326,17.684867471622997,0.7409717124989053,31.474816730258727,0.007609722222222222
327,17.57266280918716,0.743596961617992,31.514750494113876,0.007609722222222222
328,17.46075144847017,0.7454008940578376,31.554779805732167,0.007609722222222222
329,17.34922131283024,0.7465506060763338,31.59484416803387,0.007609722222222222
330,17.238142147632686,0.7471782603706458,31.634895730923592,0.007609722222222222
331,17.438173919312653,0.4700141026713623,31.573054194445692,0.007609722222222222
332,17.69228857133705,0.27633087467414874,31.495105021670927,0.007609722222222222
333,17.996136442590373,0.16037642640851335,31.40218113974114,0.007609722222222222
334,18.335406706020727,0.10070722607913017,31.298484872669103,0.007609722222222222
335,18.69445082797526,0.07323430103675321,31.18873209214599,0.007609722222222222
336,19.062633507089174,0.06136567000852402,31.076169200665714,0.007609722222222222
337,19.04979663484215,0.29022683699891405,31.030803903383337,0.007609722222222222
338,18.99194060189926,0.4203299672721837,31.025624648884914,0.007609722222222222
339,18.913437318213475,0.5066927219623504,31.037145935816458,0.007609722222222222
340,18.823051413112147,0.5678438772477746,31.057973942889486,0.007609722222222222
341,18.725120549019497,0.6126816530753186,31.08466846339602,0.007609722222222222
342,18.6221497255661,0.6462507310142065,31.115316425579337,0.007609722222222222
343,18.515725819550724,0.6717064212973132,31.148736759798034,0.007609722222222222
344,18.406917610847124,0.6911540959707412,31.184148685978993,0.007609722222222222
345,18.296476547906725,0.7060634700775525,31.221010858748475,0.007609722222222222
346,18.184947754987817,0.7174947092422674,31.258934761027728,0.007609722222222222
347,18.07273602203965,0.7262314413777957,31.297634309213187,0.007609722222222222
348,17.960147308390322,0.7328636902719741,31.33689471229866,0.007609722222222222
349,17.847416048516944,0.7378420418293029,31.376552284479743,0.007609722222222222
350,17.734723786369454,0.741514380888435,31.416480839356954,0.007609722222222222
351,17.622212279715338,0.7441515905229715,31.456582222184757,0.007609722222222222
352,17.509992946707406,0.7459659956199195,31.496779545281974,0.007609722222222222
353,17.39815381637681,0.7471248821578177,31.53701224791615,0.007609722222222222
354,17.28676472957369,0.7477605816042457,31.57723242268225,0.007609722222222222
355,17.486598477224934,0.4704471846983091,31.515541133538484,0.007609722222222222
356,17.740512681994197,0.27660904919269036,31.43774310746553,0.007609722222222222
357,18.04417964530634,0.16052785386955581,31.3449646509095,0.007609722222222222
358,18.383299939491476,0.1007787545434802,31.241404427750787,0.007609722222222222
359,18.742219332717106,0.07326480422649745,31.131779862357902,0.007609722222222222
360,19.11029177523276,0.06137753471627264,31.019340574690432,0.007609722222222222
361,19.097223613488797,0.29031888510099063,30.974109607326376,0.007609722222222222
362,19.03912651838863,0.4204819898607679,30.96907120418706,0.007609722222222222
363,18.960377210675716,0.5068952505689285,30.980735974929896,0.007609722222222222
364,18.8697416266036,0.5680902079928887,31.001709303307557,0.007609722222222222
365,18.77155804224918,0.6129663815770238,31.02855064385171,0.007609722222222222
366,18.668331838669836,0.6465692604072247,31.05934671866175,0.007609722222222222
367,18.561650173495234,0.6720547434621704,31.092916304586318,0.007609722222222222
368,18.452582055521912,0.6915286749391859,31.12847849376856,0.007609722222222222
369,18.341879131110492,0.7064611705346173,31.165491828057025,0.007609722222222222
370,18.230086701238047,0.7179127471382287,31.20356768791197,0.007609722222222222
371,18.11760971628619,0.7266673462042359,31.242419895440914,0.007609722222222222
372,18.00475428230301,0.7333152738813568,31.281833572521183,0.007609722222222222
373,17.89175496821644,0.7383073711832289,31.321644952925748,0.007609722222222222
374,17.77879344106231,0.7419917533853847,31.36172777626778,0.007609722222222222
375,17.66601157099641,0.7446395112235219,31.401983820061915,0.007609722222222222
376,17.5535208784469,0.7464631560440341,31.44233613494432,0.007609722222222222
377,17.441409485183147,0.7476301405157605,31.48272410433231,0.007609722222222222
378,17.32974731585502,0.7482729444140058,31.523099770533257,0.007609722222222222
379,17.529406472273504,0.4708282380994539,31.461547824789083,0.007609722222222222
380,17.783143947280287,0.27685379630164925,31.38388992377465,0.007609722222222222
381,18.086651358463165,0.16066104916923218,31.291246551395627,0.007609722222222222
382,18.425639321552538,0.10084161512088001,31.18781314659711,0.007609722222222222
383,18.78444860165798,0.07329154751092708,31.078308495724905,0.007609722222222222
384,19.15242369057046,0.06138786991353626,30.9659850493603,0.007609722222222222
385,19.139151568085246,0.29039981166855744,30.92087932718288,0.007609722222222222
386,19.08084190188073,0.42061570377369295,30.915971900437246,0.007609722222222222
387,19.001875653923847,0.5070734185199236,30.92776994937672,0.007609722222222222
388,18.911019911912675,0.5683069325337061,30.94887815743918,0.007609722222222222
389,18.812613492198018,0.6132169094477259,30.975855681036336,0.007609722222222222
390,18.709162111421602,0.6468495489332822,31.006789061019774,0.007609722222222222
391,18.602253174146654,0.6723612678053401,31.040496939356096,0.007609722222222222
392,18.4929558903731,0.691858325410787,31.076198295956534,0.007609722222222222
393,18.382022080356133,0.7068111896563792,31.11335157363938,0.007609722222222222
394,18.269997200320862,0.7182806861906021,31.151568062903557,0.007609722222222222
395,18.157286341576075,0.7270510320555394,31.190561503072793,0.007609722222222222
396,18.04419573904652,0.7337127815840881,31.23011693953704,0.007609722222222222
397,17.930960079759416,0.7387170000318543,31.27007053545629,0.007609722222222222
398,17.817761138869304,0.7424120052452968,31.31029596547771,0.007609722222222222
399,17.70474088525711,0.7450690705288646,31.350694947632093,0.007609722222222222
400,17.592010929195826,0.7469008711765897,31.391190478387752,0.007609722222222222
401,17.47965947392469,0.7480750064421071,31.43172189211344,0.007609722222222222
402,17.36775651771288,0.7487240865389114,31.472241186951322,0.007609722222222222
403,17.567261655488373,0.4711637474099068,31.410818657370886,0.007609722222222222
404,17.82084322763733,0.27706927133584797,31.3332908502593,0.007609722222222222
405,18.124209853704684,0.16077827466540048,31.240773124860148,0.007609722222222222
406,18.463081001528423,0.1008968843356413,31.137458077422085,0.007609722222222222
407,18.821793037510815,0.07331500071936492,31.028065690661332,0.007609722222222222
408,19.18968212345917,0.06139687008528195,30.91585090741867,0.007609722222222222
409,19.176230034462023,0.2904710084897908,30.870862097529784,0.007609722222222222
410,19.11773280873144,0.42073339685725336,30.866076623850425,0.007609722222222222
411,19.038575150926416,0.5072302670566826,30.877998639354114,0.007609722222222222
412,18.947525164150793,0.5684977440492125,30.899232209915155,0.007609722222222222
413,18.848922140859575,0.6134374998746271,30.926336229334407,0.007609722222222222
414,18.745272093213963,0.64709636007951,30.957397078954894,0.007609722222222222
415,18.63816264310208,0.6726311973648677,30.991233282119815,0.007609722222222222
416,18.52866317752527,0.6921486364375178,31.027063720078534,0.007609722222222222
417,18.417525669672123,0.7071194551050956,31.064346748613428,0.007609722222222222
418,18.305295712278276,0.718604750650501,31.102693579167212,0.007609722222222222
419,18.192378520558492,0.7273889825540562,31.14181787831819,0.007609722222222222
420,18.079080442743734,0.7340629234785246,31.18150462424377,0.007609722222222222
421,17.965636269691498,0.7390778359539301,31.221589918051905,0.007609722222222222
422,17.85222787161319,0.7427822160474875,31.26194737729785,0.007609722222222222
423,17.73899730419028,0.7454474977002165,31.302478667736093,0.007609722222222222
424,17.62605625669126,0.747286500473227,31.343106738228396,0.007609722222222222
425,17.51349300398938,0.7484669526234311,31.383770880034703,0.007609722222222222
426,17.401377609087053,0.749121579171974,31.424423052479316,0.007609722222222222
427,17.60074680909246,0.4714593351294496,31.36312088114888,0.007609722222222222
428,17.854190785921862,0.2772590802395822,31.285714018410314,0.007609722222222222
429,18.15743313435207,0.16088149508727867,31.193313309958192,0.007609722222222222
430,18.49620112684376,0.10094549744746568,31.09010884536995,0.007609722222222222
431,18.854827257726757,0.07333557195968649,30.98082165957466,0.007609722222222222
432,19.222640347506502,0.06140470399069488,30.868708891279383,0.007609722222222222
433,19.209029381338905,0.29053368151840847,30.823829335673448,0.007609722222222222
434,19.150366577245872,0.4208370517246563,30.819157552885883,0.007609722222222222
435,19.071039945532288,0.5073684320982595,30.831195021046685,0.007609722222222222
436,18.97981848549289,0.5686658440374975,30.852545260941753,0.007609722222222222
437,18.88104190948074,0.6136318490849361,30.879766934839548,0.007609722222222222
438,18.777216490104255,0.6473138245101634,30.91094628358971,0.007609722222222222
439,18.669930040670657,0.6728690446875197,30.944901726127036,0.007609722222222222
440,18.560252104016215,0.6924044561215198,30.980852056900165,0.007609722222222222
441,18.44893478793569,0.7073911095068474,31.018255555138353,0.007609722222222222
442,18.336523805294743,0.7188903412839338,31.056723362758564,0.007609722222222222
443,18.223424480335197,0.7276868243703228,31.095969082366878,0.007609722222222222
444,18.109943260983854,0.7343715236381124,31.135777633034877,0.007609722222222222
445,17.9963150294551,0.7393958752937462,31.175985061302153,0.007609722222222222
446,17.882721739598757,0.7431085323140219,31.216464934516164,0.007609722222222222
447,17.76930552347207,0.7457810700778857,31.257118872457205,0.007609722222222222
448,17.656178139853587,0.7476264351822155,31.29786978211856,0.007609722222222222
449,17.543427926651045,0.7488124694901984,31.3386569168465,0.007609722222222222
450,17.43112500383018,0.7494719991388763,31.379432201825402,0.007609722222222222
451,17.630374171961517,0.4717198881373127,31.318242106943792,0.007609722222222222
452,17.883696661005654,0.27742635946225125,31.240947826114212,0.007609722222222222
453,18.186829263700837,0.1609724204726229,31.148656227322494,0.007609722222222222
454,18.525506135413995,0.10098826872513005,31.045555189106388,0.007609722222222222
455,18.884056358249047,0.07335361646227558,30.936366672855513,0.007609722222222222
456,19.25180227873762,0.06141151835829909,30.824349753176307,0.007609722222222222
457,19.23805098915451,0.29058887827639424,30.779572401337088,0.007609722222222222
458,19.17924194328395,0.420928390738065,30.7750067295171,0.007609722222222222
459,19.09976607339416,0.5074902038934257,30.787151850349954,0.007609722222222222
460,19.008393170352612,0.5688140145705768,30.808610803103463,0.007609722222222222
461,18.909463317110763,0.613803169537798,30.835942045755207,0.007609722222222222
462,18.80548301597767,0.6475055327825346,30.86723169531895,0.007609722222222222
463,18.698040248980863,0.6730787328414783,30.901298078768086,0.007609722222222222
464,18.588204696252156,0.6926299998474378,30.93735991413378,0.007609722222222222
465,18.476728584143995,0.707630624954024,30.97487541326744,0.007609722222222222
466,18.364157731310492,0.719142155306864,31.013455656902043,0.007609722222222222
467,18.250897557994737,0.7279494518527977,31.05281419135056,0.007609722222222222
468,18.137254599903958,0.7346436487871696,31.09273588367482,0.007609722222222222
469,18.023463819689514,0.7396763353145862,31.13305673239731,0.007609722222222222
470,17.90970724484302,0.7433963026443547,31.173650260685044,0.007609722222222222
471,17.796127074670117,0.7460752507648882,31.21441804786243,0.007609722222222222
472,17.682835129154174,0.7479262382020367,31.25528296407938,0.007609722222222222
473,17.569919801707385,0.7491172069239006,31.296184229318687,0.007609722222222222
474,17.457451262455407,0.749781072174797,31.337073738722207,0.007609722222222222
475,17.656594402819522,0.47194966305630937,31.275988133342523,0.007609722222222222
476,17.90980958726573,0.27757384268833,31.198798776545384,0.007609722222222222
477,18.212845246186383,0.16105254210159559,31.106609028991894,0.007609722222222222
478,18.55144160628154,0.10102590843660851,31.003604818452825,0.007609722222222222
479,18.909924739684897,0.07336944399608042,30.894508922875687,0.007609722222222222
480,19.27761128069351,0.06141744098427042,30.782582124487607,0.007609722222222222
481,19.263736004377176,0.2906375106641331,30.737900474116064,0.007609722222222222
482,19.204797741385985,0.42100891345610125,30.733433946509354,0.007609722222222222
483,19.125190008694965,0.5075975766968259,30.7456795606918,0.007609722222222222
484,19.03368329682195,0.5689446784873723,30.767239930246927,0.007609722222222222
485,18.93461801602022,0.6139542592542023,30.79467333277134,0.007609722222222222
486,18.8305008713117,0.6476746126425923,30.826065776054392,0.007609722222222222
487,18.72291999352951,0.6732636796601046,30.86023550602158,0.007609722222222222
488,18.612945183841305,0.6928289405805623,30.896401173388284,0.007609722222222222
489,18.501328773085724,0.7078418985695304,30.934020930669625,0.007609722222222222
490,18.38861667313208,0.719364286519586,30.972705804725358,0.007609722222222222
491,18.275214388805928,0.728181131118803,31.012169292305398,0.007609722222222222
492,18.161428533149753,0.7348837158086526,31.052196214681462,0.007609722222222222
493,18.047494139679333,0.7399237646498882,31.092622528101543,0.007609722222222222
494,17.933593300764358,0.7436501906960153,31.133321716835784,0.007609722222222222
495,17.81986827495705,0.7463348037765523,31.174195324590833,0.007609722222222222
496,17.706430936164217,0.7481907610866969,31.215166189079177,0.007609722222222222
497,17.593369726700487,0.7493860928468873,31.256173500910208,0.007609722222222222
498,17.48075486088629,0.7500537928646291,31.297169128776726,0.007609722222222222
499,17.679804312138366,0.4721523745860916,31.236181049691268,0.007609722222222222
500,17.932924689458897,0.2777039168883351,31.15908959142495,0.007609722222222222
501,18.235874689680458,0.1611231627358086,31.066995020659455,0.007609722222222222
502,18.574399895840703,0.10105903716447187,30.964081543680607,0.007609722222222222
503,18.93282372254871,0.07338332512054427,30.855072658781623,0.007609722222222222
504,19.300457761546635,0.061422583344115544,30.743230655155127,0.007609722222222222
505,19.286472893645275,0.29068037406064545,30.698638699864475,0.007609722222222222
506,19.227420413933377,0.42107992799410937,30.694264902183576,0.007609722222222222
507,19.1476961273134,0.507692290382373,30.706604426774376,0.007609722222222222
508,19.056071143096982,0.5690599498336635,30.728259510633052,0.007609722222222222
509,18.95688616077315,0.6140875599331421,30.755788271985956,0.007609722222222222
510,18.852648064361176,0.6478237938406094,30.787276622230088,0.007609722222222222
511,18.744945116007653,0.6734268684079446,30.821542735822927,0.007609722222222222
512,18.63484722363946,0.6930044846370851,30.857805204151436,0.007609722222222222
513,18.523106810228796,0.7080283327227506,30.89552212745087,0.007609722222222222
514,18.410269869824532,0.7195603093866779,30.934304485122144,0.007609722222222222
515,18.296741981812787,0.7283855874851852,30.97386573025749,0.007609722222222222
516,18.182829827404255,0.7350955820736649,31.01399064379596,0.007609722222222222
517,18.068768502577868,0.7401421361349773,31.054515144750184,0.007609722222222222
518,17.95474015688973,0.7438742701715498,31.095312683130473,0.007609722222222222
519,17.840887101115413,0.7465638908800291,31.1362847712719,0.007609722222222222
520,17.727321256694097,0.7484242424747665,31.177354218316903,0.007609722222222222
521,17.614131109047964,0.7496234330130063,31.218460189004183,0.007609722222222222
522,17.501386911455974,0.7502945255982109,31.259554528732043,0.007609722222222222
523,17.700353551807297,0.47233126995544894,31.198657574012366,0.007609722222222222
524,17.953390140877886,0.2778186696447501,31.121657557706857,0.007609722222222222
525,18.256264435832176,0.16118542219352042,31.029652016067306,0.007609722222222222
526,18.5947267458252,0.10108819792720442,30.92682363598271,0.007609722222222222
527,18.95309813718978,0.07339549648184295,30.817896551739192,0.007609722222222222
528,19.320685748383475,0.061427042804806,30.706134382963544,0.007609722222222222
529,19.306603981511376,0.29071816340452045,30.661626565975588,0.007609722222222222
530,19.247450510670344,0.42114257742971584,30.657339582878308,0.007609722222222222
531,19.16762316726869,0.5077758654915464,30.669766954721286,0.007609722222222222
532,19.075893608218596,0.5691616763573413,30.691510585132512,0.007609722222222222
533,18.976602788744295,0.6142052059293016,30.719128451450242,0.007609722222222222
534,18.87225775100182,0.6479554627719712,30.750706379959677,0.007609722222222222
535,18.764446873071797,0.6735709073721186,30.7850624820687,0.007609722222222222
536,18.654240157092055,0.6931594355996038,30.821415296852688,0.007609722222222222
537,18.542390107313555,0.7081929027159656,30.859222878464905,0.007609722222222222
538,18.42944279026855,0.719733350005359,30.89809616448152,0.007609722222222222
539,18.31580385109884,0.7285660792868938,30.937748569523617,0.007609722222222222
540,18.201780031129793,0.7352826217299309,30.977964838991113,0.007609722222222222
541,18.087606481422423,0.7403349252313743,31.018580859087706,0.007609722222222222
542,17.973465401961793,0.7440721050861376,31.059470049637042,0.007609722222222222
543,17.859499149576347,0.7467661534499401,31.100533895333008,0.007609722222222222
544,17.745819687622138,0.7486303913109836,31.141695180145827,0.007609722222222222
545,17.63251553953717,0.7498329954025362,31.182893046020872,0.007609722222222222
546,17.5196569929582,0.7505070899720502,31.224079317833997,0.007609722222222222
547,17.71855041843138,0.47248919198262646,31.163267591793712,0.007609722222222222
548,17.97151293971394,0.27791992930103077,31.086353073894198,0.007609722222222222
549,18.274320312589097,0.1612403190799725,30.994430889963244,0.007609722222222222
550,18.612727016596047,0.10111386648892938,30.891682385694644,0.007609722222222222
551,18.97105204148651,0.07340616531945329,30.78283225731332,0.007609722222222222
552,19.338598591357798,0.06143090450675129,30.67114529945057,0.007609722222222222
553,19.324431123396135,0.29075148680035445,30.626716472482208,0.007609722222222222
554,19.265188329035553,0.42119786214723115,30.622510840235382,0.007609722222222222
555,19.185269835706595,0.5078496328986852,30.635020465973348,0.007609722222222222
556,19.093447785182153,0.5692514754869186,30.656846958036724,0.007609722222222222
557,18.99406335891325,0.6143090657317467,30.68454816914889,0.007609722222222222
558,18.889623738827275,0.648071708765209,30.716209850409548,0.007609722222222222
559,18.78171740540475,0.6736980803586142,30.75065005758092,0.007609722222222222
560,18.671414443955413,0.6932962484929877,30.78708728359654,0.007609722222222222
561,18.55946743046188,0.7083382141726423,30.824979541976653,0.007609722222222222
562,18.446422495412637,0.719886146293065,30.86393773342541,0.007609722222222222
563,18.332685341962648,0.7287254604988757,30.903675238652166,0.007609722222222222
564,18.218562764470093,0.7354477904362916,30.94397677173168,0.007609722222222222
565,18.10428996258783,0.7405051765910896,30.98467818995016,0.007609722222222222
566,17.990049180787498,0.7442468179139091,31.025652886525723,0.007609722222222222
567,17.875982816524207,0.7469447819803334,31.06680232179092,0.007609722222222222
568,17.762202870132764,0.7488124575354643,31.108049257531416,0.007609722222222222
569,17.648797898589187,0.75001808192521,31.149332815605415,0.007609722222222222
570,17.535838219841818,0.7506948333646583,31.190604802804074,0.007609722222222222
571,17.734666899592476,0.47262863272561234,31.12987286735629,0.007609722222222222
572,17.98756393220694,0.2780092991695993,31.0530383678967,0.007609722222222222
573,18.29031213683881,0.16128872932831126,30.961194301702758,0.007609722222222222
574,18.628669673181665,0.10113646016420946,30.858520830474177,0.007609722222222222
575,18.986953693384145,0.07341551331628043,30.74974314728464,0.007609722222222222
576,19.354463924477194,0.06143424297130247,30.63812708482476,0.007609722222222222
577,19.34022063963016,0.2907808770838816,30.59377247148369,0.007609722222222222
578,19.280898820251696,0.4212466588314987,30.589643135977628,0.007609722222222222
579,19.200899686422872,0.5079147590337575,30.60222984777593,0.007609722222222222
580,19.108995809443293,0.5693307649298911,30.624133953514225,0.007609722222222222
581,19.009528570978542,0.6144007772492104,30.651913195641153,0.007609722222222222
582,18.905005276545985,0.6481743634688248,30.683653258812242,0.007609722222222222
583,18.797014497106478,0.6738103896711729,30.71817214966139,0.007609722222222222
584,18.686626391422607,0.6934170759069656,30.754688320409414,0.007609722222222222
585,18.57459359880494,0.7084665519074331,30.79265974873768,0.007609722222222222
586,18.46146230619342,0.7200210992542062,30.831697302835675,0.007609722222222222
587,18.34763826794221,0.7288662340896174,30.871514333512252,0.007609722222222222
588,18.233428325210006,0.7355936805296408,30.911895527224285,0.007609722222222222
589,18.119067720529756,0.7406555607965203,30.952676715764145,0.007609722222222222
590,18.00473873763028,0.7444011476899913,30.993731268895218,0.007609722222222222
591,17.89058380981792,0.7471025753646467,31.03496062547461,0.007609722222222222
592,17.776714970060183,0.7489732923811274,31.076287527732237,0.007609722222222222
593,17.66322080493015,0.7501815895957049,31.11765107982046,0.007609722222222222
594,17.55017165912666,0.7508606928694423,31.159003072590668,0.007609722222222222
595,17.7489430710362,0.47275177931258866,31.098345904137524,0.007609722222222222
596,18.00178218993529,0.2780881867928653,31.021586362931995,0.007609722222222222
597,18.30447807400156,0.1613314220795503,30.929815566138576,0.007609722222222222
598,18.642792130500542,0.10115634536557533,30.827212630186228,0.007609722222222222
599,19.001039884395965,0.07342369990002838,30.718503187725208,0.007609722222222222
600,19.36851798888385,0.06143712347880706,30.606953988772617,0.007609722222222222
601,19.354207615729088,0.2908068016928475,30.562669151883696,0.007609722222222222
602,19.294815865565777,0.421289736680535,30.558611431293386,0.007609722222222222
603,19.214745371544616,0.5079722674163505,30.571270447516053,0.007609722222222222
604,19.122769085654962,0.5694007888022451,30.593247315120273,0.007609722222222222
605,19.023228566830554,0.6144817779491905,30.621099678926186,0.007609722222222222
606,18.918631229911757,0.6482650345018147,30.652913164848652,0.007609722222222222
607,18.81056572583489,0.673909592839478,30.68750573613382,0.007609722222222222
608,18.70010227825262,0.6935238074201591,30.724095809070835,0.007609722222222222
609,18.587993582401094,0.7085799217083608,30.762141329723125,0.007609722222222222
610,18.474785875061787,0.7201403168215813,30.80125313760152,0.007609722222222222
611,18.360884955787185,0.7289905976574325,30.841144557145636,0.007609722222222222
612,18.24659770704814,0.7357225682228046,30.881600250458188,0.007609722222222222
613,18.1321594092277,0.7407884229146126,30.922456026851627,0.007609722222222222
614,18.01775238070651,0.7445374997408756,30.963585235408676,0.007609722222222222
615,17.903519086436567,0.7472419916448064,31.004889296051736,0.007609722222222222
616,17.78957158819055,0.7491154000042742,31.046290933769537,0.007609722222222222
617,17.67599849866774,0.7503260629264743,31.08772923710538,0.007609722222222222
618,17.56287018618104,0.7510072483464364,31.129155982859615,0.007609722222222222
619,17.761590935423794,0.47286055323725734,31.06856893398578,0.007609722222222222
620,18.01437883138469,0.2781578290622513,30.99187967170154,0.007609722222222222
621,18.317028444284254,0.16136907333049127,30.900177652143746,0.007609722222222222
622,18.65530404714437,0.1011738440951222,30.79764106892412,0.007609722222222222
623,19.013519723188427,0.07343086508342604,30.68899594382779,0.007609722222222222
624,19.380969407531644,0.06143960325385448,30.577509837701324,0.007609722222222222
625,19.366599657218156,0.2908296711236179,30.533290650071493,0.007609722222222222
626,19.307146010340563,0.4213277712963815,30.52930020156737,0.007609722222222222
627,19.227012354440074,0.5080230571093626,30.542027091763533,0.007609722222222222
628,19.134971979065075,0.5694626400250671,30.564072229336862,0.007609722222222222
629,19.035366600163037,0.6145533306969603,30.591993172638514,0.007609722222222222
630,18.930703729310473,0.6483451343093872,30.623875495636003,0.007609722222222222
631,18.822572088155383,0.6739972341208383,30.658537123247605,0.007609722222222222
632,18.712041957691714,0.6936181034212205,30.695196440043258,0.007609722222222222
633,18.5998660825567,0.7086800861885878,30.733311364186985,0.007609722222222222
634,18.486590743548394,0.7202456514829679,30.772492709890102,0.007609722222222222
635,18.372621780129382,0.729100482605559,30.812453778333385,0.007609722222222222
636,18.25826611124648,0.735836454128319,30.852979210140255,0.007609722222222222
637,18.143759050700417,0.7409058241934079,30.89390479479838,0.007609722222222222
638,18.029282947465504,0.744657988399308,30.935103863153184,0.007609722222222222
639,17.91498029443345,0.7473651916093912,30.976477818430634,0.007609722222222222
640,17.800963178809155,0.749240981848209,31.01794937041738,0.007609722222222222
641,17.68732023635946,0.7504537389543886,31.05945759389445,0.007609722222222222
642,17.57412185624732,0.7511367680231922,31.100954253275198,0.007609722222222222
643,17.77279777912293,0.4729566441641769,31.040433018627713,0.007609722222222222
644,18.025540363859136,0.2782193138515553,30.963809702113984,0.007609722222222222
645,18.328149051304113,0.16140227770010224,30.87217229213525,0.007609722222222222
646,18.66639064315489,0.10118923954495128,30.769698167605135,0.007609722222222222
647,19.024577944467435,0.07343713191506844,30.661113694979566,0.007609722222222222
648,19.392002486294185,0.0614417324877199,30.549687151950277,0.007609722222222222
649,19.377580173560908,0.290849846200987,30.50552977015122,0.007609722222222222
650,19.31807173004774,0.42136135662740415,30.50160256015159,0.007609722222222222
651,19.23788215739044,0.5080679185868882,30.514393213807253,0.007609722222222222
652,19.145785044583153,0.5695172795865853,30.53650245703506,0.007609722222222222
653,19.046122246698605,0.6146165459825979,30.564487771571077,0.007609722222222222
654,18.941401360938773,0.6484159049899131,30.59643468542947,0.007609722222222222
655,18.833211171489545,0.6740746716090007,30.63116108966283,0.007609722222222222
656,18.722622010027745,0.6937014242193605,30.667885340835536,0.007609722222222222
657,18.610386664837947,0.7087685956506946,30.706065332489704,0.007609722222222222
658,18.497051455598424,0.7203387326794846,30.7453118565154,0.007609722222222222
659,18.383022257019572,0.7291975878801483,30.785338193575775,0.007609722222222222
660,18.268606020259995,0.7359370981643033,30.82592896534862,0.007609722222222222
661,18.15403808863044,0.7410095779845207,30.866919943836447,0.007609722222222222
662,18.03950083812096,0.744764473810535,30.908184443801062,0.007609722222222222
663,17.925136786295433,0.7474740763673645,30.949623853744434,0.007609722222222222
664,17.811058042817223,0.7493519748830242,30.99116087004805,0.007609722222222222
665,17.697353263823885,0.7505665860583496,31.032734555358875,0.007609722222222222
666,17.58409285689142,0.7512512478136788,31.074296663169473,0.007609722222222222
667,17.782729111872758,0.4730415390995474,31.013837248997575,0.007609722222222222
668,18.035431610228287,0.27827359870300133,30.93727586033636,0.007609722222222222
669,18.338004097281917,0.16143155860244793,30.845699188457793,0.007609722222222222
670,18.67621560576403,0.10120278094209874,30.74328389305993,0.007609722222222222
671,19.034377806953742,0.07344260859998603,30.634756646044295,0.007609722222222222
672,19.40178010513789,0.06144355522273413,30.523386358971177,0.007609722222222222
673,19.387311254427864,0.2908676443471318,30.479287199777787,0.007609722222222222
674,19.327754290980735,0.42139101526721906,30.475419477307224,0.007609722222222222
675,19.247515206414484,0.5081075474207145,30.488270075895034,0.007609722222222222
676,19.1553678554716,0.5695655531591501,30.510439559152246,0.007609722222222222
677,19.055654216543175,0.6146724010992638,30.538485340905318,0.007609722222222222
678,18.950881962644235,0.6484784397203599,30.570492908506345,0.007609722222222222
679,18.842639933283053,0.6741431006330065,30.605280123079115,0.007609722222222222
680,18.731998504943338,0.6937750551753903,30.64206531645805,0.007609722222222222
681,18.61971050448053,0.7088468147363731,30.68030636045367,0.007609722222222222
682,18.506322285922046,0.7204209947846784,30.719614027260487,0.007609722222222222
683,18.392239755113252,0.7292834091111781,30.759701579441174,0.007609722222222222
684,18.27776989166345,0.7360260497091274,30.800353621961527,0.007609722222222222
685,18.163148064946494,0.74110128078106,30.84140591140185,0.007609722222222222
686,18.048556674812207,0.7448585937388674,30.882731748338898,0.007609722222222222
687,17.934138260614567,0.7475703198229092,30.92423250828989,0.007609722222222222
688,17.82000495185216,0.7494500846610967,30.96583087581561,0.007609722222222222
689,17.706245422654327,0.7506663375192023,31.007465902864094,0.007609722222222222
690,17.592930096860357,0.751352445316459,31.049089333300202,0.007609722222222222
691,17.791531244524005,0.47311654763208927,30.9886880302042,0.007609722222222222
692,18.044198275428474,0.27832152701034824,30.912184839025965,0.007609722222222222
693,18.346738739475448,0.16145737706444238,30.82066530454546,0.007609722222222222
694,18.684923637572954,0.10121468775028845,30.718305451583028,0.007609722222222222
695,19.04306363477008,0.07344739033893104,30.609832222857833,0.007609722222222222
696,19.410446253550994,0.06144511011906967,30.4985150905135,0.007609722222222222
697,19.39593619216563,0.29088334500268515,30.45447080968621,0.007609722222222222
698,19.33633625920122,0.4214172073612933,30.45065908246618,0.007609722222222222
699,19.256053326405215,0.5081425561182784,30.463566074393345,0.007609722222222222
700,19.16386148446063,0.5696082054741655,30.485792204869096,0.007609722222222222
701,19.064102821103077,0.6147217567365353,30.513894827504956,0.007609722222222222
702,18.959285076490808,0.6485337012969137,30.545959393664326,0.007609722222222222
703,18.850997139082178,0.6742035740087783,30.58080373801722,0.007609722222222222
704,18.740309424980126,0.6938401284559979,30.61764617055805,0.007609722222222222
705,18.627974795130196,0.7089159454989469,30.655944543915503,0.007609722222222222
706,18.51453963391008,0.7204937013317672,30.69530961290474,0.007609722222222222
707,18.40040987467074,0.7293592638495792,30.735454624119672,0.007609722222222222
708,18.285892522153244,0.7361046737203871,30.776164167784202,0.007609722222222222
709,18.171222968752947,0.7411823391056162,30.81727398687596,0.007609722222222222
710,18.056583635394496,0.7449417911254712,30.858657369461266,0.007609722222222222
711,17.942117080678727,0.7476553968161421,30.90021567960637,0.007609722222222222
712,17.82793545162462,0.7495368139648579,30.94187159144875,0.007609722222222222
713,17.71412743825404,0.7507545206085192,30.983564147503373,0.007609722222222222
714,17.600763478772407,0.7514419092871572,31.025245083147727,0.007609722222222222
715,17.79933355204143,0.47318282382764587,30.964898441649176,0.007609722222222222
716,18.05196919966785,0.2783638420678072,30.88844998031904,0.007609722222222222
717,18.354481334595697,0.16148013938654462,30.79698423049312,0.007609722222222222
718,18.692642693750216,0.10122515332204245,30.694676656618267,0.007609722222222222
719,19.050763048689845,0.07345156092719655,30.58625444164231,0.007609722222222222
720,19.418128256567673,0.061446431121018726,30.474987553545443,0.007609722222222222
721,19.403581696528864,0.29089719432648375,30.430995026685572,0.007609722222222222
722,19.343943703491288,0.4214403383289717,30.42723603963417,0.007609722222222222
723,19.263621932053034,0.5081734843875428,30.440196117742936,0.007609722222222222
724,19.17139068245878,0.5696458927886398,30.462475552221473,0.007609722222222222
725,19.0715921394299,0.6147653713729613,30.49063164327087,0.007609722222222222
726,18.96673410260471,0.6485825382189021,30.52274981039467,0.007609722222222222
727,18.85840550376181,0.6742570196098734,30.55764786487754,0.007609722222222222
728,18.747676794041848,0.6938976419109922,30.59454409742493,0.007609722222222222
729,18.635300864524005,0.7089770474273687,30.6328963437336,0.007609722222222222
730,18.521824126405836,0.7205579660427448,30.672315343283206,0.007609722222222222
731,18.407652537339935,0.7294263134759306,30.712514328579545,0.007609722222222222
732,18.293093124269287,0.7361741734122107,30.753277876842954,0.007609722222222222
733,18.178381299925757,0.7412539928583017,30.79444171905345,0.007609722222222222
734,18.063699503850668,0.7450153380211318,30.835879132244255,0.007609722222222222
735,17.949190311646653,0.7477306075652024,30.877491470383966,0.007609722222222222
736,17.834965885809606,0.7496134876923451,30.919201398419517,0.007609722222222222
737,17.721114930400756,0.7508324818602642,30.960947950549688,0.007609722222222222
738,17.607707896316853,0.7515210052464378,31.002682854670347,0.007609722222222222
739,17.806250462246602,0.47324138526359893,30.942387663269272,0.007609722222222222
740,18.05885833861253,0.27840119929248885,30.865990704604588,0.007609722222222222
741,18.36134541130914,0.16150020381199817,30.77457561411228,0.007609722222222222
742,18.69948594821227,0.10123434807943024,30.672317361690215,0.007609722222222222
743,19.05758892709883,0.07345519414714799,30.563943343477906,0.007609722222222222
744,19.424938731142326,0.061447548037060734,30.452723966072785,0.007609722222222222
745,19.41035984119754,0.290909409279271,30.40878027131684,0.007609722222222222
746,19.35068813159028,0.4214607655737396,30.40507098717859,0.007609722222222222
747,19.27033195358597,0.5082008080580419,30.418081068500765,0.007609722222222222
748,19.17806579363672,0.5696791937210848,30.44041069248613,0.007609722222222222
749,19.078231922515272,0.614803913787721,30.468617111944813,0.007609722222222222
750,18.9733381925642,0.6486256986726617,30.500785718170004,0.007609722222222222
751,18.864973573906724,0.6743042556460416,30.53573430177123,0.007609722222222222
752,18.75420854867349,0.693948475490047,30.572681136417387,0.007609722222222222
753,18.641796034582867,0.7090310548624856,30.61108404285933,0.007609722222222222
754,18.528282466534325,0.7206147711211496,30.65055374704486,0.007609722222222222
755,18.41407382365281,0.729485582260721,30.69080346905171,0.007609722222222222
756,18.299477152496223,0.7362356099866058,30.73161777463045,0.007609722222222222
757,18.18472788376222,0.74131733563413,30.772832384180028,0.007609722222222222
758,18.07000847343809,0.7450803564148597,30.81432056500427,0.007609722222222222
759,17.955461512145753,0.7477970989405324,30.85598366216824,0.007609722222222222
760,17.841199176053763,0.7496812745198752,30.89774433251621,0.007609722222222222
761,17.727310181626233,0.7509014090719527,30.939541602915998,0.007609722222222222
762,17.61386499097247,0.7515909377763054,30.98132719466965,0.007609722222222222
763,17.81238320514158,0.47329312961003855,30.92108046009848,0.007609722222222222
764,18.064966505226067,0.2784341768783966,30.84473199732234,0.007609722222222222
765,18.36743140534813,0.16151788634373074,30.75336464974937,0.007609722222222222
766,18.70555352319027,0.10124242228928791,30.651152950889138,0.007609722222222222
767,19.06364113098051,0.0734583549832264,30.542824486162836,0.007609722222222222
768,19.430977307103515,0.06144848704575031,30.4316500502053,0.007609722222222222
769,19.416369776112536,0.2909201811794012,30.387752452552576,0.007609722222222222
770,19.356668193543925,0.4214788043262728,30.384090034414676,0.007609722222222222
771,19.276281530943976,0.5082249468498575,30.397147241920774,0.007609722222222222
772,19.183984440287656,0.5697086186891911,30.419524150834135,0.007609722222222222
773,19.084119268721498,0.6148379739591188,30.447777971901065,0.007609722222222222
774,18.97919391529905,0.6486638427138577,30.479994071430898,0.007609722222222222
775,18.87079738408963,0.6743460039750405,30.514990221752736,0.007609722222222222
776,18.76000018463682,0.6939934055478629,30.551984681487923,0.007609722222222222
777,18.647555258210616,0.7090787921749049,30.590435258195008,0.007609722222222222
778,18.534009060658352,0.7206649831956172,30.629952665882318,0.007609722222222222
779,18.419767590078184,0.729537973978707,30.670250113664622,0.007609722222222222
780,18.305137910357853,0.7362899198346575,30.71111215717669,0.007609722222222222
781,18.190355468066898,0.7413733324369993,30.752374507486707,0.007609722222222222
782,18.075602733721272,0.7451378363955066,30.793910423319737,0.007609722222222222
783,17.961022311211483,0.7478558830169927,30.835621241891253,0.007609722222222222
784,17.84672638878493,0.7497412057947196,30.87742961290302,0.007609722222222222
785,17.732803693863247,0.7509623504943826,30.919274556761586,0.007609722222222222
786,17.619324698462066,0.7516527699690765,30.961107788958383,0.007609722222222222
787,17.817821352888267,0.47333884909993285,30.900906718381634,0.007609722222222222
788,18.070382903193337,0.27846328509935653,30.824603947056605,0.007609722222222222
789,18.372828187035516,0.16153346582628758,30.73328161817263,0.007609722222222222
790,18.710934011888064,0.1012495084885182,30.6311138802428,0.007609722222222222
791,19.069008022546434,0.07346110068372953,30.52282848681485,0.007609722222222222
792,19.43633214223815,0.06144927113759548,30.41169657584059,0.007609722222222222
793,19.421699235013886,0.2909296788045234,30.367842512935923,0.007609722222222222
794,19.361971181375175,0.42149473274173266,30.364224308420102,0.007609722222222222
795,19.281557505417833,0.5082462711517354,30.377325954538083,0.007609722222222222
796,19.189233006313113,0.5697346181447038,30.39974743675226,0.007609722222222222
797,19.08934009901331,0.6148680725751441,30.42804592846124,0.007609722222222222
798,18.984386723980275,0.6486975528995371,30.460306773844092,0.007609722222222222
799,18.875961915339825,0.6743829017216745,30.495347729065603,0.007609722222222222
800,18.765136206886638,0.6940331173315589,30.532387039456747,0.007609722222222222
801,18.652662560713928,0.7091209870155838,30.57088250093224,0.007609722222222222
802,18.539087451183175,0.7207093672403434,30.610444816966968,0.007609722222222222
803,18.42481689315787,0.7295842864164961,30.650787187006273,0.007609722222222222
804,18.310157965836943,0.7363379295580256,30.691694157764402,0.007609722222222222
805,18.195346129811963,0.7414228351504628,30.73300143208251,0.007609722222222222
806,18.08056386843391,0.745188652014958,30.77458226112263,0.007609722222222222
807,17.965953797314977,0.7479078532796042,30.816337975181067,0.007609722222222222
808,17.851628115373515,0.7497941920398135,30.858191217664494,0.007609722222222222
809,17.737675559711807,0.7510162315973012,30.90008100328585,0.007609722222222222
810,17.62416661109766,0.7517074404209899,30.941959042417416,0.007609722222222222
811,17.822644176475922,0.47337924317754393,30.88180102735687,0.007609722222222222
812,18.075186477838514,0.2784889744448796,30.805541329075602,0.007609722222222222
813,18.377614407024208,0.16154718839231,30.714261471704983,0.007609722222222222
814,18.715705819944954,0.10125572360666393,30.612135264174032,0.007609722222222222
815,19.07376780315599,0.07346348169000834,30.503890609430858,0.007609722222222222
816,19.44108125708941,0.061449920501557315,30.39279894919651,0.007609722222222222
817,19.426425863622427,0.2909380511017,30.3489860184109,0.007609722222222222
818,19.366674350369134,0.4215087963538502,30.345409545355388,0.007609722222222222
819,19.286236733894235,0.508265107944448,30.358553117061454,0.007609722222222222
820,19.19388794432214,0.5697575897705501,30.381016638566987,0.007609722222222222
821,19.093970456822646,0.6148946693463316,30.409357250099358,0.007609722222222222
822,18.98899224857324,0.648727343582137,30.44166027623162,0.007609722222222222
823,18.88054238031593,0.6744155114355421,30.47674345883489,0.007609722222222222
824,18.76969140730087,0.6940682158985834,30.51382503150212,0.007609722222222222
825,18.657192310032762,0.7091582819020884,30.552362779871924,0.007609722222222222
826,18.543591579236654,0.7207485987481853,30.591967398127302,0.007609722222222222
827,18.429295244590286,0.729625224060224,30.632352077186507,0.007609722222222222
828,18.31461039881998,0.7363803691072113,30.673301355898555,0.007609722222222222
829,18.199772514904822,0.7414665960701381,30.714650929852045,0.007609722222222222
830,18.084964087534352,0.74523357516498,30.75627404354285,0.007609722222222222
831,17.970327742675664,0.7479537988012473,30.798072021169403,0.007609722222222222
832,17.855975688674054,0.7498410373941583,30.83996750059143,0.007609722222222222
833,17.74199667118413,0.7510638697392827,30.88189949150592,0.007609722222222222
834,17.62846117870613,0.7517557781026597,30.923819699776185,0.007609722222222222
835,17.826921841663342,0.4734149295704693,30.863702301570612,0.007609722222222222
836,18.07944710701921,0.27851164274524604,30.787483229208043,0.007609722222222222
837,18.381859682641043,0.16155927135819104,30.696243459520463,0.007609722222222222
838,18.719938348017806,0.10126117082593113,30.594156501981534,0.007609722222222222
839,19.077989692779614,0.07346554245065483,30.485950392356546,0.007609722222222222
840,19.445293711669585,0.06145045286352345,30.374896841156954,0.007609722222222222
